"Fivemer","A","C","G","T","N"
"AAAAA",NA,0.3543814433,0.4149484536,0.2306701031,NA
"AAAAC",NA,0.2378854626,0.4757709251,0.2863436123,NA
"AAAAG",NA,0.2419700214,0.4582441113,0.2997858672,NA
"AAAAT",NA,0.6119966443,0.2432885906,0.1447147651,NA
"AAAAN",NA,0.3615583929,0.39806302015,0.240378586925,NA
"AAACA",NA,0.25,0.4810606061,0.2689393939,NA
"AAACC",NA,0.1867424242,0.4823863636,0.3308712121,NA
"AAACG",NA,0.2783825816,0.4987039917,0.2229134266,NA
"AAACT",NA,0.2627118644,0.4830508475,0.2542372881,NA
"AAACN",NA,0.24445921755,0.486300452225,0.269240330175,NA
"AAAGA",NA,0.203125,0.5204326923,0.2764423077,NA
"AAAGC",NA,0.1770920211,0.4840144565,0.3388935224,NA
"AAAGG",NA,0.2795031056,0.5776397516,0.1428571429,NA
"AAAGT",NA,0.2,0.4173913043,0.3826086957,NA
"AAAGN",NA,0.214930031675,0.499869551175,0.285200417175,NA
"AAATA",NA,0.2839898348,0.3392630241,0.376747141,NA
"AAATC",NA,0.1912442396,0.4746543779,0.3341013825,NA
"AAATG",NA,0.2469869838,0.516953238,0.2360597782,NA
"AAATT",NA,0.3769733261,0.4285973508,0.1944293232,NA
"AAATN",NA,0.274798596075,0.4398669977,0.285334406225,NA
"AAANA",NA,0.272874069525,0.438926194025,0.288199736425,NA
"AAANC",NA,0.198241036875,0.479206530775,0.322552432325,NA
"AAANG",NA,0.2617106731,0.51288527315,0.225404053725,NA
"AAANT",NA,0.3629204587,0.3930820233,0.243997518025,NA
"AAANN",NA,0.27393655955,0.4560250053125,0.270038435125,NA
"AACAA",0.1905499613,NA,0.3555383424,0.4539116964,NA
"AACAC",0.3018867925,NA,0.1808176101,0.5172955975,NA
"AACAG",0.2044963251,NA,0.2775616083,0.5179420666,NA
"AACAT",0.2345679012,NA,0.2136752137,0.5517568851,NA
"AACAN",0.232875245025,NA,0.256898193625,0.5102265614,NA
"AACCA",0.2272994129,NA,0.2969667319,0.4757338552,NA
"AACCC",0.248455731,NA,0.2775566232,0.4739876458,NA
"AACCG",0.217337842,NA,0.3039245824,0.4787375756,NA
"AACCT",0.2718596059,NA,0.3023399015,0.4258004926,NA
"AACCN",0.24123814795,NA,0.29519695975,0.4635648923,NA
"AACGA",0.1258741259,NA,0.5244755245,0.3496503497,NA
"AACGC",0.1609756098,NA,0.2447154472,0.5943089431,NA
"AACGG",0.2931034483,NA,0.1293103448,0.5775862069,NA
"AACGT",0.2692897292,NA,0.1527848748,0.577925396,NA
"AACGN",0.2123107283,NA,0.262821547825,0.524867723925,NA
"AACTA",0.1364190012,NA,0.3702801462,0.4933008526,NA
"AACTC",0.1392978482,NA,0.3782559456,0.4824462061,NA
"AACTG",0.1595441595,NA,0.3703703704,0.4700854701,NA
"AACTT",0.2082009818,NA,0.3896910193,0.4021079988,NA
"AACTN",0.160865497675,NA,0.377149370375,0.4619851319,NA
"AACNA",0.170035625325,NA,0.38681518625,0.443149188475,NA
"AACNC",0.212653995375,NA,0.270336406525,0.517009598125,NA
"AACNG",0.218620443725,NA,0.270291726475,0.5110878298,NA
"AACNT",0.245979554525,NA,0.264622752325,0.489397693125,NA
"AACNN",0.2118224047375,NA,0.29801651789375,0.49016107738125,NA
"AAGAA",0.5558321695,0.2641326128,NA,0.1800352177,NA
"AAGAC",0.4798052888,0.3725825549,NA,0.1476121563,NA
"AAGAG",0.4906914894,0.3550531915,NA,0.1542553191,NA
"AAGAT",0.4534883721,0.4505813953,NA,0.0959302326,NA
"AAGAN",0.49495432995,0.360587438625,NA,0.144458231425,NA
"AAGCA",0.6080993608,0.2460555061,NA,0.1458451331,NA
"AAGCC",0.6120185923,0.2417662683,NA,0.1462151394,NA
"AAGCG",0.617945707,0.235891414,NA,0.146162879,NA
"AAGCT",0.6408530652,0.2189425884,NA,0.1402043464,NA
"AAGCN",0.619729181325,0.2356639442,NA,0.144606874475,NA
"AAGGA",0.5815848795,0.232269811,NA,0.1861453095,NA
"AAGGC",0.5083969466,0.2770992366,NA,0.2145038168,NA
"AAGGG",0.5476255833,0.2596760911,NA,0.1926983256,NA
"AAGGT",0.5869853918,0.2257636122,NA,0.187250996,NA
"AAGGN",0.5561482003,0.248702187725,NA,0.195149611975,NA
"AAGTA",0.4820441989,0.3360957643,NA,0.1818600368,NA
"AAGTC",0.4571226081,0.4075124026,NA,0.1353649894,NA
"AAGTG",0.4686678352,0.3597721297,NA,0.1715600351,NA
"AAGTT",0.5779911435,0.2949550966,NA,0.1270537599,NA
"AAGTN",0.496456446425,0.3495838483,NA,0.1539597053,NA
"AAGNA",0.556890152175,0.26963842355,NA,0.173471424275,NA
"AAGNC",0.51433585895,0.3247401156,NA,0.160924025475,NA
"AAGNG",0.531232653725,0.302598206575,NA,0.1661691397,NA
"AAGNT",0.56482949315,0.297560673125,NA,0.137609833725,NA
"AAGNN",0.5418220395,0.2986343547125,NA,0.15954360579375,NA
"AATAA",0.323096078,0.4305872588,0.2463166632,NA,NA
"AATAC",0.3032548293,0.4174384758,0.2793066949,NA,NA
"AATAG",0.2427983539,0.5445816187,0.2126200274,NA,NA
"AATAT",0.2564102564,0.4615384615,0.2820512821,NA,NA
"AATAN",0.2813898794,0.4635364537,0.2550736669,NA,NA
"AATCA",0.1434159061,0.5228161669,0.333767927,NA,NA
"AATCC",0.2962962963,0.6296296296,0.0740740741,NA,NA
"AATCG",0.2353658537,0.5414634146,0.2231707317,NA,NA
"AATCT",0.2048475371,0.5668491009,0.228303362,NA,NA
"AATCN",0.2199813983,0.565189578,0.2148290237,NA,NA
"AATGA",0.2328767123,0.5068493151,0.2602739726,NA,NA
"AATGC",0.2224409449,0.3011811024,0.4763779528,NA,NA
"AATGG",0.176,0.44,0.384,NA,NA
"AATGT",0.2648648649,0.5513513514,0.1837837838,NA,NA
"AATGN",0.224045630525,0.449845442225,0.3261089273,NA,NA
"AATTA",0.2233068944,0.6046369738,0.1720561318,NA,NA
"AATTC",0.0726346288,0.8173643721,0.1100009991,NA,NA
"AATTG",0.2228443449,0.5694288914,0.2077267637,NA,NA
"AATTT",0.1223021583,0.8273381295,0.0503597122,NA,NA
"AATTN",0.1602720066,0.7046920917,0.1350359017,NA,NA
"AATNA",0.2306738977,0.51622242865,0.25310367365,NA,NA
"AATNC",0.223656674825,0.541403394975,0.234939930225,NA,NA
"AATNG",0.219252138125,0.523868481175,0.2568793807,NA,NA
"AATNT",0.212106204175,0.601769260825,0.186124535025,NA,NA
"AATNN",0.22142222870625,0.54581589140625,0.2327618799,NA,NA
"AANAA",NA,NA,NA,NA,NA
"AANAC",NA,NA,NA,NA,NA
"AANAG",NA,NA,NA,NA,NA
"AANAT",NA,NA,NA,NA,NA
"AANAN",NA,NA,NA,NA,NA
"AANCA",NA,NA,NA,NA,NA
"AANCC",NA,NA,NA,NA,NA
"AANCG",NA,NA,NA,NA,NA
"AANCT",NA,NA,NA,NA,NA
"AANCN",NA,NA,NA,NA,NA
"AANGA",NA,NA,NA,NA,NA
"AANGC",NA,NA,NA,NA,NA
"AANGG",NA,NA,NA,NA,NA
"AANGT",NA,NA,NA,NA,NA
"AANGN",NA,NA,NA,NA,NA
"AANTA",NA,NA,NA,NA,NA
"AANTC",NA,NA,NA,NA,NA
"AANTG",NA,NA,NA,NA,NA
"AANTT",NA,NA,NA,NA,NA
"AANTN",NA,NA,NA,NA,NA
"AANNA",NA,NA,NA,NA,NA
"AANNC",NA,NA,NA,NA,NA
"AANNG",NA,NA,NA,NA,NA
"AANNT",NA,NA,NA,NA,NA
"AANNN",NA,NA,NA,NA,NA
"ACAAA",NA,0.3543814433,0.4149484536,0.2306701031,NA
"ACAAC",NA,0.2378854626,0.4757709251,0.2863436123,NA
"ACAAG",NA,0.2419700214,0.4582441113,0.2997858672,NA
"ACAAT",NA,0.6119966443,0.2432885906,0.1447147651,NA
"ACAAN",NA,0.3615583929,0.39806302015,0.240378586925,NA
"ACACA",NA,0.25,0.4810606061,0.2689393939,NA
"ACACC",NA,0.286540172,0.4252890602,0.2881707679,NA
"ACACG",NA,0.2869022869,0.4253044253,0.2877932878,NA
"ACACT",NA,0.2627118644,0.4830508475,0.2542372881,NA
"ACACN",NA,0.271538580825,0.453676234775,0.274785184425,NA
"ACAGA",NA,0.203125,0.5204326923,0.2764423077,NA
"ACAGC",NA,0.1770920211,0.4840144565,0.3388935224,NA
"ACAGG",NA,0.2795031056,0.5776397516,0.1428571429,NA
"ACAGT",NA,0.2,0.4173913043,0.3826086957,NA
"ACAGN",NA,0.214930031675,0.499869551175,0.285200417175,NA
"ACATA",NA,0.2839898348,0.3392630241,0.376747141,NA
"ACATC",NA,0.1912442396,0.4746543779,0.3341013825,NA
"ACATG",NA,0.2587039813,0.4512743628,0.2900216558,NA
"ACATT",NA,0.2587039813,0.4512743628,0.2900216558,NA
"ACATN",NA,0.24816050925,0.4291165319,0.322722958775,NA
"ACANA",NA,0.272874069525,0.438926194025,0.288199736425,NA
"ACANC",NA,0.223190473825,0.464932204925,0.311877321275,NA
"ACANG",NA,0.2667698488,0.47811566275,0.255114488425,NA
"ACANT",NA,0.3333531225,0.3987512763,0.267895601175,NA
"ACANN",NA,0.2740468786625,0.4451813345,0.280771786825,NA
"ACCAA",0.1905499613,NA,0.3555383424,0.4539116964,NA
"ACCAC",0.3018867925,NA,0.1808176101,0.5172955975,NA
"ACCAG",0.2044963251,NA,0.2775616083,0.5179420666,NA
"ACCAT",0.2345679012,NA,0.2136752137,0.5517568851,NA
"ACCAN",0.232875245025,NA,0.256898193625,0.5102265614,NA
"ACCCA",0.2996529632,NA,0.2189001602,0.4814468767,NA
"ACCCC",0.2996529632,NA,0.2189001602,0.4814468767,NA
"ACCCG",0.2996529632,NA,0.2189001602,0.4814468767,NA
"ACCCT",0.2718596059,NA,0.3023399015,0.4258004926,NA
"ACCCN",0.292704623875,NA,0.239760095525,0.467535280675,NA
"ACCGA",0.1258741259,NA,0.5244755245,0.3496503497,NA
"ACCGC",0.1609756098,NA,0.2447154472,0.5943089431,NA
"ACCGG",0.2931034483,NA,0.1293103448,0.5775862069,NA
"ACCGT",0.2692897292,NA,0.1527848748,0.577925396,NA
"ACCGN",0.2123107283,NA,0.262821547825,0.524867723925,NA
"ACCTA",0.1364190012,NA,0.3702801462,0.4933008526,NA
"ACCTC",0.1392978482,NA,0.3782559456,0.4824462061,NA
"ACCTG",0.1595441595,NA,0.3703703704,0.4700854701,NA
"ACCTT",0.2082009818,NA,0.3896910193,0.4021079988,NA
"ACCTN",0.160865497675,NA,0.377149370375,0.4619851319,NA
"ACCNA",0.1881240129,NA,0.367298543325,0.44457744385,NA
"ACCNC",0.225453303425,NA,0.255672290775,0.51887440585,NA
"ACCNG",0.239199224025,NA,0.249035620925,0.511765155075,NA
"ACCNT",0.245979554525,NA,0.264622752325,0.489397693125,NA
"ACCNN",0.22468902371875,NA,0.2841573018375,0.491153674475,NA
"ACGAA",0.4286220961,0.4520305019,NA,0.119347402,NA
"ACGAC",0.428520752,0.4521106775,NA,0.1193685704,NA
"ACGAG",0.4906914894,0.3550531915,NA,0.1542553191,NA
"ACGAT",0.4534883721,0.4505813953,NA,0.0959302326,NA
"ACGAN",0.4503306774,0.42744394155,NA,0.122225381025,NA
"ACGCA",0.6415548952,0.2182957192,NA,0.1401493856,NA
"ACGCC",0.6416064257,0.218313253,NA,0.1400803213,NA
"ACGCG",0.6416064257,0.218313253,NA,0.1400803213,NA
"ACGCT",0.6408530652,0.2189425884,NA,0.1402043464,NA
"ACGCN",0.64140520295,0.2184662034,NA,0.14012859365,NA
"ACGGA",0.5247191011,0.2825842697,NA,0.1926966292,NA
"ACGGC",0.5083969466,0.2770992366,NA,0.2145038168,NA
"ACGGG",0.5247191011,0.2825842697,NA,0.1926966292,NA
"ACGGT",0.5869853918,0.2257636122,NA,0.187250996,NA
"ACGGN",0.53620513515,0.26700784705,NA,0.1967870178,NA
"ACGTA",0.4820441989,0.3360957643,NA,0.1818600368,NA
"ACGTC",0.4571226081,0.4075124026,NA,0.1353649894,NA
"ACGTG",0.4639910814,0.3790412486,NA,0.15696767,NA
"ACGTT",0.4639910814,0.3790412486,NA,0.15696767,NA
"ACGTN",0.46678724245,0.375422666025,NA,0.15779009155,NA
"ACGNA",0.519235072825,0.322251563775,NA,0.1585133634,NA
"ACGNC",0.5089116831,0.338758892425,NA,0.152329424475,NA
"ACGNG",0.5302520244,0.3087479907,NA,0.1609999849,NA
"ACGNT",0.536329477625,0.318582211125,NA,0.14508831125,NA
"ACGNN",0.5236820644875,0.32208516450625,NA,0.15423277100625,NA
"ACTAA",0.2914396887,0.5420233463,0.166536965,NA,NA
"ACTAC",0.2914396887,0.5420233463,0.166536965,NA,NA
"ACTAG",0.2427983539,0.5445816187,0.2126200274,NA,NA
"ACTAT",0.2564102564,0.4615384615,0.2820512821,NA,NA
"ACTAN",0.270521996925,0.5225416932,0.206936309875,NA,NA
"ACTCA",0.1047538915,0.6558687421,0.2393773664,NA,NA
"ACTCC",0.2962962963,0.6296296296,0.0740740741,NA,NA
"ACTCG",0.1047538915,0.6558687421,0.2393773664,NA,NA
"ACTCT",0.1047538915,0.6558687421,0.2393773664,NA,NA
"ACTCN",0.1526394927,0.649308963975,0.198051543325,NA,NA
"ACTGA",0.2328767123,0.5068493151,0.2602739726,NA,NA
"ACTGC",0.2224409449,0.3011811024,0.4763779528,NA,NA
"ACTGG",0.176,0.44,0.384,NA,NA
"ACTGT",0.2648648649,0.5513513514,0.1837837838,NA,NA
"ACTGN",0.224045630525,0.449845442225,0.3261089273,NA,NA
"ACTTA",0.0726962457,0.8640500569,0.0632536974,NA,NA
"ACTTC",0.0726962457,0.8640500569,0.0632536974,NA,NA
"ACTTG",0.0726879763,0.8640655216,0.0632465021,NA,NA
"ACTTT",0.1223021583,0.8273381295,0.0503597122,NA,NA
"ACTTN",0.0850956565,0.854875941225,0.060028402275,NA,NA
"ACTNA",0.17544163455,0.6421978651,0.18236050035,NA,NA
"ACTNC",0.2207182939,0.5842210338,0.195060672325,NA,NA
"ACTNG",0.149060055425,0.6261289706,0.224810973975,NA,NA
"ACTNT",0.187082792775,0.624024171125,0.188893036125,NA,NA
"ACTNN",0.1830756941625,0.61914301015625,0.19778129569375,NA,NA
"ACNAA",NA,NA,NA,NA,NA
"ACNAC",NA,NA,NA,NA,NA
"ACNAG",NA,NA,NA,NA,NA
"ACNAT",NA,NA,NA,NA,NA
"ACNAN",NA,NA,NA,NA,NA
"ACNCA",NA,NA,NA,NA,NA
"ACNCC",NA,NA,NA,NA,NA
"ACNCG",NA,NA,NA,NA,NA
"ACNCT",NA,NA,NA,NA,NA
"ACNCN",NA,NA,NA,NA,NA
"ACNGA",NA,NA,NA,NA,NA
"ACNGC",NA,NA,NA,NA,NA
"ACNGG",NA,NA,NA,NA,NA
"ACNGT",NA,NA,NA,NA,NA
"ACNGN",NA,NA,NA,NA,NA
"ACNTA",NA,NA,NA,NA,NA
"ACNTC",NA,NA,NA,NA,NA
"ACNTG",NA,NA,NA,NA,NA
"ACNTT",NA,NA,NA,NA,NA
"ACNTN",NA,NA,NA,NA,NA
"ACNNA",NA,NA,NA,NA,NA
"ACNNC",NA,NA,NA,NA,NA
"ACNNG",NA,NA,NA,NA,NA
"ACNNT",NA,NA,NA,NA,NA
"ACNNN",NA,NA,NA,NA,NA
"AGAAA",NA,0.3658136483,0.5282152231,0.1059711286,NA
"AGAAC",NA,0.3658136483,0.5282152231,0.1059711286,NA
"AGAAG",NA,0.3658136483,0.5282152231,0.1059711286,NA
"AGAAT",NA,0.3658136483,0.5282152231,0.1059711286,NA
"AGAAN",NA,0.3658136483,0.5282152231,0.1059711286,NA
"AGACA",NA,0.3110465116,0.5778423773,0.1111111111,NA
"AGACC",NA,0.3110465116,0.5778423773,0.1111111111,NA
"AGACG",NA,0.3110465116,0.5778423773,0.1111111111,NA
"AGACT",NA,0.3110465116,0.5778423773,0.1111111111,NA
"AGACN",NA,0.3110465116,0.5778423773,0.1111111111,NA
"AGAGA",NA,0.3610915079,0.5201129146,0.1187955775,NA
"AGAGC",NA,0.3610915079,0.5201129146,0.1187955775,NA
"AGAGG",NA,0.3610915079,0.5201129146,0.1187955775,NA
"AGAGT",NA,0.3610915079,0.5201129146,0.1187955775,NA
"AGAGN",NA,0.3610915079,0.5201129146,0.1187955775,NA
"AGATA",NA,0.3116256158,0.5567487685,0.1316256158,NA
"AGATC",NA,0.3116256158,0.5567487685,0.1316256158,NA
"AGATG",NA,0.3116256158,0.5567487685,0.1316256158,NA
"AGATT",NA,0.3116256158,0.5567487685,0.1316256158,NA
"AGATN",NA,0.3116256158,0.5567487685,0.1316256158,NA
"AGANA",NA,0.3373943209,0.545729820875,0.11687585825,NA
"AGANC",NA,0.3373943209,0.545729820875,0.11687585825,NA
"AGANG",NA,0.3373943209,0.545729820875,0.11687585825,NA
"AGANT",NA,0.3373943209,0.545729820875,0.11687585825,NA
"AGANN",NA,0.3373943209,0.545729820875,0.11687585825,NA
"AGCAA",0.7385535414,NA,0.1235283125,0.1379181461,NA
"AGCAC",0.7385535414,NA,0.1235283125,0.1379181461,NA
"AGCAG",0.7385535414,NA,0.1235283125,0.1379181461,NA
"AGCAT",0.7385535414,NA,0.1235283125,0.1379181461,NA
"AGCAN",0.7385535414,NA,0.1235283125,0.1379181461,NA
"AGCCA",0.2213100735,NA,0.2420044467,0.5366854797,NA
"AGCCC",0.2213100735,NA,0.2420044467,0.5366854797,NA
"AGCCG",0.2213100735,NA,0.2420044467,0.5366854797,NA
"AGCCT",0.2213100735,NA,0.2420044467,0.5366854797,NA
"AGCCN",0.2213100735,NA,0.2420044467,0.5366854797,NA
"AGCGA",0.2301587302,NA,0.123015873,0.6468253968,NA
"AGCGC",0.2301587302,NA,0.123015873,0.6468253968,NA
"AGCGG",0.2301587302,NA,0.123015873,0.6468253968,NA
"AGCGT",0.2301587302,NA,0.123015873,0.6468253968,NA
"AGCGN",0.2301587302,NA,0.123015873,0.6468253968,NA
"AGCTA",0.1546977858,NA,0.3662477558,0.4790544584,NA
"AGCTC",0.1546977858,NA,0.3662477558,0.4790544584,NA
"AGCTG",0.1546977858,NA,0.3662477558,0.4790544584,NA
"AGCTT",0.1546977858,NA,0.3662477558,0.4790544584,NA
"AGCTN",0.1546977858,NA,0.3662477558,0.4790544584,NA
"AGCNA",0.336180032725,NA,0.213699097,0.45012087025,NA
"AGCNC",0.336180032725,NA,0.213699097,0.45012087025,NA
"AGCNG",0.336180032725,NA,0.213699097,0.45012087025,NA
"AGCNT",0.336180032725,NA,0.213699097,0.45012087025,NA
"AGCNN",0.336180032725,NA,0.213699097,0.45012087025,NA
"AGGAA",0.6413942655,0.248895671,NA,0.1097100634,NA
"AGGAC",0.6413942655,0.248895671,NA,0.1097100634,NA
"AGGAG",0.6413942655,0.248895671,NA,0.1097100634,NA
"AGGAT",0.6413942655,0.248895671,NA,0.1097100634,NA
"AGGAN",0.6413942655,0.248895671,NA,0.1097100634,NA
"AGGCA",0.6073967818,0.2762255208,NA,0.1163776974,NA
"AGGCC",0.6073967818,0.2762255208,NA,0.1163776974,NA
"AGGCG",0.6073967818,0.2762255208,NA,0.1163776974,NA
"AGGCT",0.6073967818,0.2762255208,NA,0.1163776974,NA
"AGGCN",0.6073967818,0.2762255208,NA,0.1163776974,NA
"AGGGA",0.6932707355,0.1439749609,NA,0.1627543036,NA
"AGGGC",0.6932707355,0.1439749609,NA,0.1627543036,NA
"AGGGG",0.6932707355,0.1439749609,NA,0.1627543036,NA
"AGGGT",0.6932707355,0.1439749609,NA,0.1627543036,NA
"AGGGN",0.6932707355,0.1439749609,NA,0.1627543036,NA
"AGGTA",0.5455422955,0.3524921025,NA,0.101965602,NA
"AGGTC",0.5455422955,0.3524921025,NA,0.101965602,NA
"AGGTG",0.5455422955,0.3524921025,NA,0.101965602,NA
"AGGTT",0.5455422955,0.3524921025,NA,0.101965602,NA
"AGGTN",0.5455422955,0.3524921025,NA,0.101965602,NA
"AGGNA",0.621901019575,0.2553970638,NA,0.1227019166,NA
"AGGNC",0.621901019575,0.2553970638,NA,0.1227019166,NA
"AGGNG",0.621901019575,0.2553970638,NA,0.1227019166,NA
"AGGNT",0.621901019575,0.2553970638,NA,0.1227019166,NA
"AGGNN",0.621901019575,0.2553970638,NA,0.1227019166,NA
"AGTAA",0.3369749372,0.4220365718,0.240988491,NA,NA
"AGTAC",0.3369749372,0.4220365718,0.240988491,NA,NA
"AGTAG",0.3369749372,0.4220365718,0.240988491,NA,NA
"AGTAT",0.3369749372,0.4220365718,0.240988491,NA,NA
"AGTAN",0.3369749372,0.4220365718,0.240988491,NA,NA
"AGTCA",0.1455938697,0.5727969349,0.2816091954,NA,NA
"AGTCC",0.1455938697,0.5727969349,0.2816091954,NA,NA
"AGTCG",0.1455938697,0.5727969349,0.2816091954,NA,NA
"AGTCT",0.1455938697,0.5727969349,0.2816091954,NA,NA
"AGTCN",0.1455938697,0.5727969349,0.2816091954,NA,NA
"AGTGA",0.3104364326,0.430170778,0.2593927894,NA,NA
"AGTGC",0.3104364326,0.430170778,0.2593927894,NA,NA
"AGTGG",0.3104364326,0.430170778,0.2593927894,NA,NA
"AGTGT",0.3104364326,0.430170778,0.2593927894,NA,NA
"AGTGN",0.3104364326,0.430170778,0.2593927894,NA,NA
"AGTTA",0.2179028133,0.5468030691,0.2352941176,NA,NA
"AGTTC",0.2179028133,0.5468030691,0.2352941176,NA,NA
"AGTTG",0.2179028133,0.5468030691,0.2352941176,NA,NA
"AGTTT",0.2179028133,0.5468030691,0.2352941176,NA,NA
"AGTTN",0.2179028133,0.5468030691,0.2352941176,NA,NA
"AGTNA",0.2527270132,0.49295183845,0.25432114835,NA,NA
"AGTNC",0.2527270132,0.49295183845,0.25432114835,NA,NA
"AGTNG",0.2527270132,0.49295183845,0.25432114835,NA,NA
"AGTNT",0.2527270132,0.49295183845,0.25432114835,NA,NA
"AGTNN",0.2527270132,0.49295183845,0.25432114835,NA,NA
"AGNAA",NA,NA,NA,NA,NA
"AGNAC",NA,NA,NA,NA,NA
"AGNAG",NA,NA,NA,NA,NA
"AGNAT",NA,NA,NA,NA,NA
"AGNAN",NA,NA,NA,NA,NA
"AGNCA",NA,NA,NA,NA,NA
"AGNCC",NA,NA,NA,NA,NA
"AGNCG",NA,NA,NA,NA,NA
"AGNCT",NA,NA,NA,NA,NA
"AGNCN",NA,NA,NA,NA,NA
"AGNGA",NA,NA,NA,NA,NA
"AGNGC",NA,NA,NA,NA,NA
"AGNGG",NA,NA,NA,NA,NA
"AGNGT",NA,NA,NA,NA,NA
"AGNGN",NA,NA,NA,NA,NA
"AGNTA",NA,NA,NA,NA,NA
"AGNTC",NA,NA,NA,NA,NA
"AGNTG",NA,NA,NA,NA,NA
"AGNTT",NA,NA,NA,NA,NA
"AGNTN",NA,NA,NA,NA,NA
"AGNNA",NA,NA,NA,NA,NA
"AGNNC",NA,NA,NA,NA,NA
"AGNNG",NA,NA,NA,NA,NA
"AGNNT",NA,NA,NA,NA,NA
"AGNNN",NA,NA,NA,NA,NA
"ATAAA",NA,0.2532391048,0.593639576,0.1531213192,NA
"ATAAC",NA,0.2532391048,0.593639576,0.1531213192,NA
"ATAAG",NA,0.2532391048,0.593639576,0.1531213192,NA
"ATAAT",NA,0.2532391048,0.593639576,0.1531213192,NA
"ATAAN",NA,0.2532391048,0.593639576,0.1531213192,NA
"ATACA",NA,0.2050484094,0.5204011065,0.2745504841,NA
"ATACC",NA,0.2050484094,0.5204011065,0.2745504841,NA
"ATACG",NA,0.2050484094,0.5204011065,0.2745504841,NA
"ATACT",NA,0.2050484094,0.5204011065,0.2745504841,NA
"ATACN",NA,0.2050484094,0.5204011065,0.2745504841,NA
"ATAGA",NA,0.1751797898,0.5646321224,0.2601880878,NA
"ATAGC",NA,0.1751797898,0.5646321224,0.2601880878,NA
"ATAGG",NA,0.1751797898,0.5646321224,0.2601880878,NA
"ATAGT",NA,0.1751797898,0.5646321224,0.2601880878,NA
"ATAGN",NA,0.1751797898,0.5646321224,0.2601880878,NA
"ATATA",NA,0.3206693804,0.3197648123,0.3595658073,NA
"ATATC",NA,0.3206693804,0.3197648123,0.3595658073,NA
"ATATG",NA,0.3206693804,0.3197648123,0.3595658073,NA
"ATATT",NA,0.3206693804,0.3197648123,0.3595658073,NA
"ATATN",NA,0.3206693804,0.3197648123,0.3595658073,NA
"ATANA",NA,0.2385341711,0.4996094043,0.2618564246,NA
"ATANC",NA,0.2385341711,0.4996094043,0.2618564246,NA
"ATANG",NA,0.2385341711,0.4996094043,0.2618564246,NA
"ATANT",NA,0.2385341711,0.4996094043,0.2618564246,NA
"ATANN",NA,0.2385341711,0.4996094043,0.2618564246,NA
"ATCAA",0.2618733509,NA,0.3441072999,0.3940193492,NA
"ATCAC",0.2618733509,NA,0.3441072999,0.3940193492,NA
"ATCAG",0.2618733509,NA,0.3441072999,0.3940193492,NA
"ATCAT",0.2618733509,NA,0.3441072999,0.3940193492,NA
"ATCAN",0.2618733509,NA,0.3441072999,0.3940193492,NA
"ATCCA",0.2336448598,NA,0.376635514,0.3897196262,NA
"ATCCC",0.2336448598,NA,0.376635514,0.3897196262,NA
"ATCCG",0.2336448598,NA,0.376635514,0.3897196262,NA
"ATCCT",0.2336448598,NA,0.376635514,0.3897196262,NA
"ATCCN",0.2336448598,NA,0.376635514,0.3897196262,NA
"ATCGA",0.1578947368,NA,0.3157894737,0.5263157895,NA
"ATCGC",0.1578947368,NA,0.3157894737,0.5263157895,NA
"ATCGG",0.1578947368,NA,0.3157894737,0.5263157895,NA
"ATCGT",0.1578947368,NA,0.3157894737,0.5263157895,NA
"ATCGN",0.1578947368,NA,0.3157894737,0.5263157895,NA
"ATCTA",0.1088589653,NA,0.488022679,0.4031183558,NA
"ATCTC",0.1088589653,NA,0.488022679,0.4031183558,NA
"ATCTG",0.1088589653,NA,0.488022679,0.4031183558,NA
"ATCTT",0.1088589653,NA,0.488022679,0.4031183558,NA
"ATCTN",0.1088589653,NA,0.488022679,0.4031183558,NA
"ATCNA",0.1905679782,NA,0.38113874165,0.428293280175,NA
"ATCNC",0.1905679782,NA,0.38113874165,0.428293280175,NA
"ATCNG",0.1905679782,NA,0.38113874165,0.428293280175,NA
"ATCNT",0.1905679782,NA,0.38113874165,0.428293280175,NA
"ATCNN",0.1905679782,NA,0.38113874165,0.428293280175,NA
"ATGAA",0.4734263098,0.3318884282,NA,0.194685262,NA
"ATGAC",0.4734263098,0.3318884282,NA,0.194685262,NA
"ATGAG",0.4734263098,0.3318884282,NA,0.194685262,NA
"ATGAT",0.4734263098,0.3318884282,NA,0.194685262,NA
"ATGAN",0.4734263098,0.3318884282,NA,0.194685262,NA
"ATGCA",0.592302943,0.2615764561,NA,0.1461206009,NA
"ATGCC",0.592302943,0.2615764561,NA,0.1461206009,NA
"ATGCG",0.592302943,0.2615764561,NA,0.1461206009,NA
"ATGCT",0.592302943,0.2615764561,NA,0.1461206009,NA
"ATGCN",0.592302943,0.2615764561,NA,0.1461206009,NA
"ATGGA",0.5873160832,0.2013191273,NA,0.2113647894,NA
"ATGGC",0.5873160832,0.2013191273,NA,0.2113647894,NA
"ATGGG",0.5873160832,0.2013191273,NA,0.2113647894,NA
"ATGGT",0.5873160832,0.2013191273,NA,0.2113647894,NA
"ATGGN",0.5873160832,0.2013191273,NA,0.2113647894,NA
"ATGTA",0.372632989,0.4120273589,NA,0.2153396521,NA
"ATGTC",0.372632989,0.4120273589,NA,0.2153396521,NA
"ATGTG",0.372632989,0.4120273589,NA,0.2153396521,NA
"ATGTT",0.372632989,0.4120273589,NA,0.2153396521,NA
"ATGTN",0.372632989,0.4120273589,NA,0.2153396521,NA
"ATGNA",0.50641958125,0.301702842625,NA,0.1918775761,NA
"ATGNC",0.50641958125,0.301702842625,NA,0.1918775761,NA
"ATGNG",0.50641958125,0.301702842625,NA,0.1918775761,NA
"ATGNT",0.50641958125,0.301702842625,NA,0.1918775761,NA
"ATGNN",0.50641958125,0.301702842625,NA,0.1918775761,NA
"ATTAA",0.2118441971,0.5117249603,0.2764308426,NA,NA
"ATTAC",0.2118441971,0.5117249603,0.2764308426,NA,NA
"ATTAG",0.2118441971,0.5117249603,0.2764308426,NA,NA
"ATTAT",0.2118441971,0.5117249603,0.2764308426,NA,NA
"ATTAN",0.2118441971,0.5117249603,0.2764308426,NA,NA
"ATTCA",0.0964912281,0.4166666667,0.4868421053,NA,NA
"ATTCC",0.0964912281,0.4166666667,0.4868421053,NA,NA
"ATTCG",0.0964912281,0.4166666667,0.4868421053,NA,NA
"ATTCT",0.0964912281,0.4166666667,0.4868421053,NA,NA
"ATTCN",0.0964912281,0.4166666667,0.4868421053,NA,NA
"ATTGA",0.2102473498,0.4935217903,0.2962308598,NA,NA
"ATTGC",0.2102473498,0.4935217903,0.2962308598,NA,NA
"ATTGG",0.2102473498,0.4935217903,0.2962308598,NA,NA
"ATTGT",0.2102473498,0.4935217903,0.2962308598,NA,NA
"ATTGN",0.2102473498,0.4935217903,0.2962308598,NA,NA
"ATTTA",0.0733067729,0.7091633466,0.2175298805,NA,NA
"ATTTC",0.0733067729,0.7091633466,0.2175298805,NA,NA
"ATTTG",0.0733067729,0.7091633466,0.2175298805,NA,NA
"ATTTT",0.0733067729,0.7091633466,0.2175298805,NA,NA
"ATTTN",0.0733067729,0.7091633466,0.2175298805,NA,NA
"ATTNA",0.147972386975,0.532769190975,0.31925842205,NA,NA
"ATTNC",0.147972386975,0.532769190975,0.31925842205,NA,NA
"ATTNG",0.147972386975,0.532769190975,0.31925842205,NA,NA
"ATTNT",0.147972386975,0.532769190975,0.31925842205,NA,NA
"ATTNN",0.147972386975,0.532769190975,0.31925842205,NA,NA
"ATNAA",NA,NA,NA,NA,NA
"ATNAC",NA,NA,NA,NA,NA
"ATNAG",NA,NA,NA,NA,NA
"ATNAT",NA,NA,NA,NA,NA
"ATNAN",NA,NA,NA,NA,NA
"ATNCA",NA,NA,NA,NA,NA
"ATNCC",NA,NA,NA,NA,NA
"ATNCG",NA,NA,NA,NA,NA
"ATNCT",NA,NA,NA,NA,NA
"ATNCN",NA,NA,NA,NA,NA
"ATNGA",NA,NA,NA,NA,NA
"ATNGC",NA,NA,NA,NA,NA
"ATNGG",NA,NA,NA,NA,NA
"ATNGT",NA,NA,NA,NA,NA
"ATNGN",NA,NA,NA,NA,NA
"ATNTA",NA,NA,NA,NA,NA
"ATNTC",NA,NA,NA,NA,NA
"ATNTG",NA,NA,NA,NA,NA
"ATNTT",NA,NA,NA,NA,NA
"ATNTN",NA,NA,NA,NA,NA
"ATNNA",NA,NA,NA,NA,NA
"ATNNC",NA,NA,NA,NA,NA
"ATNNG",NA,NA,NA,NA,NA
"ATNNT",NA,NA,NA,NA,NA
"ATNNN",NA,NA,NA,NA,NA
"ANAAA",NA,0.331953909925,0.487937926575,0.1801081635,NA
"ANAAC",NA,0.273705919575,0.518349162325,0.2079449181,NA
"ANAAG",NA,0.275748198975,0.509585755425,0.21466604555,NA
"ANAAT",NA,0.460761510425,0.402107995075,0.1371304945,NA
"ANAAN",NA,0.335542384725,0.47949520985,0.1849624054125,NA
"ANACA",NA,0.25402373025,0.515091174,0.23088509575,NA
"ANACC",NA,0.2473443793,0.5014797269,0.2511758938,NA
"ANACG",NA,0.270344947375,0.5055629752,0.2240920774,NA
"ANACT",NA,0.26037966245,0.5160862947,0.22353404285,NA
"ANACN",NA,0.25802317984375,0.5095550427,0.23242177745,NA
"ANAGA",NA,0.235630324425,0.5314026054,0.232967070175,NA
"ANAGC",NA,0.222613834975,0.5131934875,0.264192677525,NA
"ANAGG",NA,0.273819377225,0.56000613505,0.166174487775,NA
"ANAGT",NA,0.234067824425,0.4798819114,0.286050264175,NA
"ANAGN",NA,0.2415328402625,0.5211210348375,0.2373461249125,NA
"ANATA",NA,0.30006866645,0.38875990725,0.311171426275,NA
"ANATC",NA,0.25369586885,0.45645558415,0.289848547025,NA
"ANATG",NA,0.284496490325,0.4611852954,0.254318214275,NA
"ANATT",NA,0.3169930759,0.4390963236,0.243910600525,NA
"ANATN",NA,0.28881352538125,0.4363742776,0.274812197025,NA
"ANANA",NA,0.2804191577625,0.48079790330625,0.238782938925,NA
"ANANC",NA,0.249340000675,0.49736949021875,0.2532905091125,NA
"ANANG",NA,0.276102253475,0.50908504026875,0.21481270625,NA
"ANANT",NA,0.3180505183,0.45929313119375,0.2226563505125,NA
"ANANN",NA,0.280977982553125,0.486636391246875,0.2323856262,NA
"ANCAA",0.345381703725,NA,0.2946780743,0.359940222025,NA
"ANCAC",0.401050119325,NA,0.20731770815,0.391632172575,NA
"ANCAG",0.352354885625,NA,0.25568970725,0.391955407125,NA
"ANCAT",0.367390673675,NA,0.22374650995,0.408862816375,NA
"ANCAN",0.3665443455875,NA,0.2453579999125,0.388097654525,NA
"ANCCA",0.24547682735,NA,0.2836267132,0.47089645945,NA
"ANCCC",0.250765906875,NA,0.278774186025,0.4704599071,NA
"ANCCG",0.242986434625,NA,0.285366175825,0.47164738955,NA
"ANCCT",0.249668536275,NA,0.305829940925,0.444501522775,NA
"ANCCN",0.24722442628125,NA,0.28839925399375,0.46437631971875,NA
"ANCGA",0.1599504297,NA,0.371939098925,0.468110471425,NA
"ANCGC",0.17750117165,NA,0.232059060275,0.590439768125,NA
"ANCGG",0.2435650909,NA,0.174356509075,0.582078400025,NA
"ANCGT",0.23165823135,NA,0.186093774075,0.582247994575,NA
"ANCGN",0.2031687309,NA,0.2411121105875,0.5557191585375,NA
"ANCTA",0.134098688375,NA,0.3987076818,0.46719362985,NA
"ANCTC",0.135538111875,NA,0.4026955815,0.4617663066,NA
"ANCTG",0.145661267525,NA,0.3987527939,0.4555859386,NA
"ANCTT",0.169989678675,NA,0.40841311835,0.42159720295,NA
"ANCTN",0.1463219366125,NA,0.4021422938875,0.4515357695,NA
"ANCNA",0.2212269122875,NA,0.33723789205625,0.4415351956875,NA
"ANCNC",0.24121382743125,NA,0.2802116339875,0.4785745386,NA
"ANCNG",0.24614191966875,NA,0.2785412965125,0.475316783825,NA
"ANCNT",0.25467677999375,NA,0.281020835825,0.46430238416875,NA
"ANCNN",0.240814859845313,NA,0.294252914595312,0.464932225570312,NA
"ANGAA",0.524818710225,0.324236803475,NA,0.150944486275,NA
"ANGAC",0.505786654025,0.3513693329,NA,0.142844013025,NA
"ANGAG",0.524050888525,0.32272262055,NA,0.1532264909,NA
"ANGAT",0.505449329875,0.37048672245,NA,0.12406394765,NA
"ANGAN",0.5150263956625,0.34220386984375,NA,0.1427697344625,NA
"ANGCA",0.6123384952,0.25053830055,NA,0.13712320425,NA
"ANGCC",0.6133311857,0.24947037455,NA,0.13719843975,NA
"ANGCG",0.614812964375,0.248001660975,NA,0.13718537465,NA
"ANGCT",0.6203514638,0.243921788425,NA,0.135726747775,NA
"ANGCN",0.61520852726875,0.247983031125,NA,0.13680844160625,NA
"ANGGA",0.596722699825,0.215037042225,NA,0.188240257925,NA
"ANGGC",0.574345177975,0.22487314035,NA,0.20078168165,NA
"ANGGG",0.588232875775,0.22188861225,NA,0.18987851195,NA
"ANGGT",0.613639400575,0.19920532815,NA,0.18715527125,NA
"ANGGN",0.5932350385375,0.21525103074375,NA,0.19151393069375,NA
"ANGTA",0.470565920575,0.3591777475,NA,0.170256331925,NA
"ANGTC",0.458105125175,0.39488606665,NA,0.147008808225,NA
"ANGTG",0.462708550275,0.375833209925,NA,0.1614582398,NA
"ANGTT",0.49003937735,0.35962895165,NA,0.150331671,NA
"ANGTN",0.47035474334375,0.37238149393125,NA,0.1572637627375,NA
"ANGNA",0.55111145645625,0.2872474734375,NA,0.16164107009375,NA
"ANGNC",0.53789203571875,0.3051497286125,NA,0.1569582356625,NA
"ANGNG",0.5474513197375,0.292111525925,NA,0.160437154325,NA
"ANGNT",0.5573698929,0.29331069766875,NA,0.14931940941875,NA
"ANGNN",0.548456176203125,0.294454856410937,NA,0.157088967375,NA
"ANTAA",0.29083872525,0.4765930343,0.23256824045,NA,NA
"ANTAC",0.285878413075,0.47330583855,0.240815748375,NA,NA
"ANTAG",0.258603960525,0.505731192375,0.2356648471,NA,NA
"ANTAT",0.265409911775,0.464209613775,0.27038047445,NA,NA
"ANTAN",0.27518275265625,0.47995991975,0.24485732759375,NA,NA
"ANTCA",0.12256372385,0.54203712765,0.335399148525,NA,NA
"ANTCC",0.2086694226,0.5621807152,0.229149862225,NA,NA
"ANTCG",0.14555121075,0.546698939575,0.3077498497,NA,NA
"ANTCT",0.1379216316,0.55304536115,0.309033007275,NA,NA
"ANTCN",0.1536764972,0.55099053589375,0.29533296693125,NA,NA
"ANTGA",0.24660930175,0.484347799625,0.2690428986,NA,NA
"ANTGC",0.24139141805,0.381513693275,0.3770948887,NA,NA
"ANTGG",0.2181709456,0.450923142075,0.3309059123,NA,NA
"ANTGT",0.26260337805,0.506598817775,0.2307978042,NA,NA
"ANTGN",0.2421937608625,0.4558458631875,0.30196037595,NA,NA
"ANTTA",0.146803181575,0.6811633616,0.172033456825,NA,NA
"ANTTC",0.109135115175,0.734345211175,0.15651967365,NA,NA
"ANTTG",0.14668547685,0.672365207175,0.180949315975,NA,NA
"ANTTT",0.1339534757,0.727660668675,0.138385855625,NA,NA
"ANTTN",0.134144312325,0.70388361215625,0.16197207551875,NA,NA
"ANTNA",0.20170373310625,0.54603533079375,0.2522609361,NA,NA
"ANTNC",0.211268592225,0.53783636455,0.2508950432375,NA,NA
"ANTNG",0.19225289843125,0.5439296203,0.26381748126875,NA,NA
"ANTNT",0.19997209928125,0.56287861534375,0.2371492853875,NA,NA
"ANTNN",0.201299330760938,0.547669982746875,0.251030686498438,NA,NA
"ANNAA",NA,NA,NA,NA,NA
"ANNAC",NA,NA,NA,NA,NA
"ANNAG",NA,NA,NA,NA,NA
"ANNAT",NA,NA,NA,NA,NA
"ANNAN",NA,NA,NA,NA,NA
"ANNCA",NA,NA,NA,NA,NA
"ANNCC",NA,NA,NA,NA,NA
"ANNCG",NA,NA,NA,NA,NA
"ANNCT",NA,NA,NA,NA,NA
"ANNCN",NA,NA,NA,NA,NA
"ANNGA",NA,NA,NA,NA,NA
"ANNGC",NA,NA,NA,NA,NA
"ANNGG",NA,NA,NA,NA,NA
"ANNGT",NA,NA,NA,NA,NA
"ANNGN",NA,NA,NA,NA,NA
"ANNTA",NA,NA,NA,NA,NA
"ANNTC",NA,NA,NA,NA,NA
"ANNTG",NA,NA,NA,NA,NA
"ANNTT",NA,NA,NA,NA,NA
"ANNTN",NA,NA,NA,NA,NA
"ANNNA",NA,NA,NA,NA,NA
"ANNNC",NA,NA,NA,NA,NA
"ANNNG",NA,NA,NA,NA,NA
"ANNNT",NA,NA,NA,NA,NA
"ANNNN",NA,NA,NA,NA,NA
"CAAAA",NA,0.2482269504,0.609929078,0.1418439716,NA
"CAAAC",NA,0.3186813187,0.3406593407,0.3406593407,NA
"CAAAG",NA,0.4337854229,0.4084243026,0.1577902746,NA
"CAAAT",NA,0.5694444444,0.375,0.0555555556,NA
"CAAAN",NA,0.3925345341,0.433503180325,0.173962285625,NA
"CAACA",NA,0.3413028413,0.5627165627,0.095980596,NA
"CAACC",NA,0.3146433041,0.5361702128,0.1491864831,NA
"CAACG",NA,0.4244434932,0.4304366438,0.145119863,NA
"CAACT",NA,0.3521233761,0.4955557244,0.1523208995,NA
"CAACN",NA,0.358128253675,0.506219785925,0.1356519604,NA
"CAAGA",NA,0.5939849624,0.2481203008,0.1578947368,NA
"CAAGC",NA,0.339360129,0.4317784648,0.2288614061,NA
"CAAGG",NA,0.4872582686,0.3471895897,0.1655521417,NA
"CAAGT",NA,0.402044293,0.4889267462,0.1090289608,NA
"CAAGN",NA,0.45566191325,0.379003775375,0.16533431135,NA
"CAATA",NA,0.3318671964,0.4788592509,0.1892735528,NA
"CAATC",NA,0.2598522167,0.474137931,0.2660098522,NA
"CAATG",NA,0.3889495012,0.4699189526,0.1411315461,NA
"CAATT",NA,0.3953209358,0.5278944211,0.0767846431,NA
"CAATN",NA,0.343997462525,0.4877026389,0.16829989855,NA
"CAANA",NA,0.378845487625,0.4749062981,0.1462482143,NA
"CAANC",NA,0.308134242125,0.445686487325,0.246179270525,NA
"CAANG",NA,0.433609171475,0.413992372175,0.15239845635,NA
"CAANT",NA,0.429733262325,0.471844222925,0.09842251475,NA
"CAANN",NA,0.3875805408875,0.45160734513125,0.16081211398125,NA
"CACAA",0.0981308411,NA,0.5992990654,0.3025700935,NA
"CACAC",0.3175965665,NA,0.2775393419,0.4048640916,NA
"CACAG",0.1388888889,NA,0.5208333333,0.3402777778,NA
"CACAT",0.1527272727,NA,0.44,0.4072727273,NA
"CACAN",0.1768358923,NA,0.45941793515,0.36374617255,NA
"CACCA",0.1608695652,NA,0.2782608696,0.5608695652,NA
"CACCC",0.4333333333,NA,0.1666666667,0.4,NA
"CACCG",0.1923932834,NA,0.2886910783,0.5189156383,NA
"CACCT",0.1363636364,NA,0.2727272727,0.5909090909,NA
"CACCN",0.230739954575,NA,0.251586471825,0.5176735736,NA
"CACGA",0.1639685476,NA,0.3422756707,0.4937557817,NA
"CACGC",0.1829988194,NA,0.373081464,0.4439197166,NA
"CACGG",0.5238095238,NA,0.1904761905,0.2857142857,NA
"CACGT",0.2552301255,NA,0.160251046,0.5845188285,NA
"CACGN",0.281501754075,NA,0.2665210928,0.451977153125,NA
"CACTA",0.1501416431,NA,0.2450424929,0.604815864,NA
"CACTC",0.0942380183,NA,0.5331179321,0.3726440495,NA
"CACTG",0.1734234234,NA,0.3783783784,0.4481981982,NA
"CACTT",0.1820634402,NA,0.4077011118,0.410235448,NA
"CACTN",0.14996663125,NA,0.3910599788,0.458973389925,NA
"CACNA",0.14327764925,NA,0.36621952465,0.4905028261,NA
"CACNC",0.257041684375,NA,0.337601351175,0.405356964425,NA
"CACNG",0.257128779875,NA,0.344594745125,0.398276475,NA
"CACNT",0.1815961187,NA,0.320169857625,0.498234023675,NA
"CACNN",0.20976105805,NA,0.34214636964375,0.4480925723,NA
"CAGAA",0.5575804575,0.2392400155,NA,0.2031795269,NA
"CAGAC",0.5517241379,0.1896551724,NA,0.2586206897,NA
"CAGAG",0.445029856,0.4101393279,NA,0.1448308161,NA
"CAGAT",0.4389312977,0.3854961832,NA,0.1755725191,NA
"CAGAN",0.498316437275,0.30613267475,NA,0.19555088795,NA
"CAGCA",0.5947316213,0.2774165105,NA,0.1278518682,NA
"CAGCC",0.5782586814,0.2914947157,NA,0.1302466029,NA
"CAGCG",0.5195651032,0.3401439151,NA,0.1402909817,NA
"CAGCT",0.6082584765,0.2635754962,NA,0.1281660273,NA
"CAGCN",0.5752034706,0.293157659375,NA,0.131638870025,NA
"CAGGA",0.6228497241,0.1626095424,NA,0.2145407335,NA
"CAGGC",0.5666560611,0.2270654364,NA,0.2062785025,NA
"CAGGG",0.6428571429,0.2142857143,NA,0.1428571429,NA
"CAGGT",0.5959349593,0.2135501355,NA,0.1905149051,NA
"CAGGN",0.60707447185,0.20437770715,NA,0.188547821,NA
"CAGTA",0.4874474148,0.3224318089,NA,0.1901207762,NA
"CAGTC",0.3937106918,0.4591194969,NA,0.1471698113,NA
"CAGTG",0.4604350078,0.3825996893,NA,0.156965303,NA
"CAGTT",0.4637989779,0.4548551959,NA,0.0813458262,NA
"CAGTN",0.451348023075,0.40475154775,NA,0.143900429175,NA
"CAGNA",0.565652304425,0.250424469325,NA,0.1839232262,NA
"CAGNC",0.52258739305,0.29183370535,NA,0.1855789016,NA
"CAGNG",0.516971777475,0.33679216165,NA,0.146236060925,NA
"CAGNT",0.52673092785,0.3293692527,NA,0.143899819425,NA
"CAGNN",0.5329856007,0.30210489725625,NA,0.1649095020375,NA
"CATAA",0.3369829684,0.3941605839,0.2688564477,NA,NA
"CATAC",0.269047619,0.4146825397,0.3162698413,NA,NA
"CATAG",0.2057142857,0.5933333333,0.200952381,NA,NA
"CATAT",0.223922114,0.6073249884,0.1687528975,NA,NA
"CATAN",0.258916746775,0.502375361325,0.238707891875,NA,NA
"CATCA",0.1321428571,0.5303571429,0.3375,NA,NA
"CATCC",0.1591075884,0.5968002348,0.2440921767,NA,NA
"CATCG",0.0986715682,0.2442977692,0.6570306625,NA,NA
"CATCT",0.2157687254,0.56478318,0.2194480946,NA,NA
"CATCN",0.151422684775,0.484059581725,0.36451773345,NA,NA
"CATGA",0.2295409182,0.4191616766,0.3512974052,NA,NA
"CATGC",0.1964980545,0.5622568093,0.2412451362,NA,NA
"CATGG",0.0860600194,0.19196515,0.7219748306,NA,NA
"CATGT",0.3256637168,0.4761061947,0.1982300885,NA,NA
"CATGN",0.209440677225,0.41237245765,0.378186865125,NA,NA
"CATTA",0.1882444835,0.5862136302,0.2255418864,NA,NA
"CATTC",0.039020658,0.8561591431,0.1048201989,NA,NA
"CATTG",0.0910231282,0.2965111721,0.6124656997,NA,NA
"CATTT",0.1823246878,0.6658981748,0.1517771374,NA,NA
"CATTN",0.125153239375,0.60119553005,0.2736512306,NA,NA
"CATNA",0.2217278068,0.4824732584,0.295798934825,NA,NA
"CATNC",0.165918479975,0.607474681725,0.226606838275,NA,NA
"CATNG",0.120367250375,0.33152685615,0.54810589345,NA,NA
"CATNT",0.236919811,0.578528134475,0.1845520545,NA,NA
"CATNN",0.1862333370375,0.5000007326875,0.3137659302625,NA,NA
"CANAA",NA,NA,NA,NA,NA
"CANAC",NA,NA,NA,NA,NA
"CANAG",NA,NA,NA,NA,NA
"CANAT",NA,NA,NA,NA,NA
"CANAN",NA,NA,NA,NA,NA
"CANCA",NA,NA,NA,NA,NA
"CANCC",NA,NA,NA,NA,NA
"CANCG",NA,NA,NA,NA,NA
"CANCT",NA,NA,NA,NA,NA
"CANCN",NA,NA,NA,NA,NA
"CANGA",NA,NA,NA,NA,NA
"CANGC",NA,NA,NA,NA,NA
"CANGG",NA,NA,NA,NA,NA
"CANGT",NA,NA,NA,NA,NA
"CANGN",NA,NA,NA,NA,NA
"CANTA",NA,NA,NA,NA,NA
"CANTC",NA,NA,NA,NA,NA
"CANTG",NA,NA,NA,NA,NA
"CANTT",NA,NA,NA,NA,NA
"CANTN",NA,NA,NA,NA,NA
"CANNA",NA,NA,NA,NA,NA
"CANNC",NA,NA,NA,NA,NA
"CANNG",NA,NA,NA,NA,NA
"CANNT",NA,NA,NA,NA,NA
"CANNN",NA,NA,NA,NA,NA
"CCAAA",NA,0.4292435758,0.3787549765,0.1920014477,NA
"CCAAC",NA,0.3186813187,0.3406593407,0.3406593407,NA
"CCAAG",NA,0.4292435758,0.3787549765,0.1920014477,NA
"CCAAT",NA,0.4292435758,0.3787549765,0.1920014477,NA
"CCAAN",NA,0.401603011525,0.36923106755,0.22916592095,NA
"CCACA",NA,0.2869022869,0.4253044253,0.2877932878,NA
"CCACC",NA,0.2867298578,0.425799763,0.2874703791,NA
"CCACG",NA,0.2869022869,0.4253044253,0.2877932878,NA
"CCACT",NA,0.2869022869,0.4253044253,0.2877932878,NA
"CCACN",NA,0.286859179625,0.425428259725,0.287712560625,NA
"CCAGA",NA,0.6168224299,0.2897196262,0.0934579439,NA
"CCAGC",NA,0.3028247084,0.4285840983,0.2685911933,NA
"CCAGG",NA,0.4872582686,0.3471895897,0.1655521417,NA
"CCAGT",NA,0.3028112806,0.428565094,0.2686236254,NA
"CCAGN",NA,0.427429171875,0.37351460205,0.199056226075,NA
"CCATA",NA,0.2587039813,0.4512743628,0.2900216558,NA
"CCATC",NA,0.2598522167,0.474137931,0.2660098522,NA
"CCATG",NA,0.2587039813,0.4512743628,0.2900216558,NA
"CCATT",NA,0.2587039813,0.4512743628,0.2900216558,NA
"CCATN",NA,0.25899104015,0.45699025485,0.2840187049,NA
"CCANA",NA,0.397918068475,0.3862633477,0.2158185838,NA
"CCANC",NA,0.2920220254,0.41729528325,0.290682691325,NA
"CCANG",NA,0.36552702815,0.400630838575,0.23384213325,NA
"CCANT",NA,0.31941528115,0.42097471465,0.259610004175,NA
"CCANN",NA,0.34372060079375,0.40629104604375,0.2499883531375,NA
"CCCAA",0.2099274819,NA,0.26987997,0.5201925481,NA
"CCCAC",0.358490566,NA,0.2924528302,0.3490566038,NA
"CCCAG",0.2099274819,NA,0.26987997,0.5201925481,NA
"CCCAT",0.2099274819,NA,0.26987997,0.5201925481,NA
"CCCAN",0.247068252925,NA,0.27552318505,0.477408562025,NA
"CCCCA",0.2996529632,NA,0.2189001602,0.4814468767,NA
"CCCCC",0.4333333333,NA,0.1666666667,0.4,NA
"CCCCG",0.2996529632,NA,0.2189001602,0.4814468767,NA
"CCCCT",0.2996529632,NA,0.2189001602,0.4814468767,NA
"CCCCN",0.333073055725,NA,0.205841786825,0.461085157525,NA
"CCCGA",0.2462917685,NA,0.1792991035,0.574409128,NA
"CCCGC",0.2465753425,NA,0.1790606654,0.5743639922,NA
"CCCGG",0.5432098765,NA,0.1604938272,0.2962962963,NA
"CCCGT",0.2467828637,NA,0.1795080632,0.5737090731,NA
"CCCGN",0.3207149628,NA,0.174590414825,0.5046946224,NA
"CCCTA",0.1816272558,NA,0.3714219042,0.4469508401,NA
"CCCTC",0.1115789474,NA,0.4189473684,0.4694736842,NA
"CCCTG",0.1846590909,NA,0.3494318182,0.4659090909,NA
"CCCTT",0.1816272558,NA,0.3714219042,0.4469508401,NA
"CCCTN",0.164873137475,NA,0.37780574875,0.457321113825,NA
"CCCNA",0.23437486735,NA,0.259875284475,0.505749848225,NA
"CCCNC",0.2874945473,NA,0.264281882675,0.44822357005,NA
"CCCNG",0.309362353125,NA,0.2496764439,0.440961203,NA
"CCCNT",0.23449764115,NA,0.2599275244,0.5055748345,NA
"CCCNN",0.26643235223125,NA,0.2584402838625,0.47512736394375,NA
"CCGAA",0.428520752,0.4521106775,NA,0.1193685704,NA
"CCGAC",0.428520752,0.4521106775,NA,0.1193685704,NA
"CCGAG",0.428520752,0.4521106775,NA,0.1193685704,NA
"CCGAT",0.428520752,0.4521106775,NA,0.1193685704,NA
"CCGAN",0.428520752,0.4521106775,NA,0.1193685704,NA
"CCGCA",0.6416064257,0.218313253,NA,0.1400803213,NA
"CCGCC",0.6416064257,0.218313253,NA,0.1400803213,NA
"CCGCG",0.6416064257,0.218313253,NA,0.1400803213,NA
"CCGCT",0.6416064257,0.218313253,NA,0.1400803213,NA
"CCGCN",0.6416064257,0.218313253,NA,0.1400803213,NA
"CCGGA",0.5247191011,0.2825842697,NA,0.1926966292,NA
"CCGGC",0.5247191011,0.2825842697,NA,0.1926966292,NA
"CCGGG",0.524929972,0.2820728291,NA,0.1929971989,NA
"CCGGT",0.5247191011,0.2825842697,NA,0.1926966292,NA
"CCGGN",0.524771818825,0.28245640955,NA,0.192771771625,NA
"CCGTA",0.4639910814,0.3790412486,NA,0.15696767,NA
"CCGTC",0.3489795918,0.5224489796,NA,0.1285714286,NA
"CCGTG",0.4639910814,0.3790412486,NA,0.15696767,NA
"CCGTT",0.4639910814,0.3790412486,NA,0.15696767,NA
"CCGTN",0.435238209,0.41489318135,NA,0.14986860965,NA
