"Fivemer","A","C","G","T","N"
"AAAAA",NA,0.261539204325995,0.502848590189262,0.235612205484743,NA
"AAAAC",NA,0.261539204325995,0.502848590189262,0.235612205484743,NA
"AAAAG",NA,0.261539204325995,0.502848590189262,0.235612205484743,NA
"AAAAT",NA,0.261539204325995,0.502848590189262,0.235612205484743,NA
"AAAAN",NA,0.261539204325995,0.502848590189262,0.235612205484743,NA
"AAACA",NA,0.261539204325995,0.502848590189262,0.235612205484743,NA
"AAACC",NA,0.261539204325995,0.502848590189262,0.235612205484743,NA
"AAACG",NA,0.261539204325995,0.502848590189262,0.235612205484743,NA
"AAACT",NA,0.261539204325995,0.502848590189262,0.235612205484743,NA
"AAACN",NA,0.261539204325995,0.502848590189262,0.235612205484743,NA
"AAAGA",NA,0.261539204325995,0.502848590189262,0.235612205484743,NA
"AAAGC",NA,0.261539204325995,0.502848590189262,0.235612205484743,NA
"AAAGG",NA,0.261539204325995,0.502848590189262,0.235612205484743,NA
"AAAGT",NA,0.261539204325995,0.502848590189262,0.235612205484743,NA
"AAAGN",NA,0.261539204325995,0.502848590189262,0.235612205484743,NA
"AAATA",NA,0.261539204325995,0.502848590189262,0.235612205484743,NA
"AAATC",NA,0.261539204325995,0.502848590189262,0.235612205484743,NA
"AAATG",NA,0.261539204325995,0.502848590189262,0.235612205484743,NA
"AAATT",NA,0.261539204325995,0.502848590189262,0.235612205484743,NA
"AAATN",NA,0.261539204325995,0.502848590189262,0.235612205484743,NA
"AAANA",NA,0.261539204325995,0.502848590189262,0.235612205484743,NA
"AAANC",NA,0.261539204325995,0.502848590189262,0.235612205484743,NA
"AAANG",NA,0.261539204325995,0.502848590189262,0.235612205484743,NA
"AAANT",NA,0.261539204325995,0.502848590189262,0.235612205484743,NA
"AAANN",NA,0.261539204325995,0.502848590189262,0.235612205484743,NA
"AACAA",0.250735438321239,NA,0.298489899980388,0.450774661698372,NA
"AACAC",0.250735438321239,NA,0.298489899980388,0.450774661698372,NA
"AACAG",0.250735438321239,NA,0.298489899980388,0.450774661698372,NA
"AACAT",0.250735438321239,NA,0.298489899980388,0.450774661698372,NA
"AACAN",0.250735438321239,NA,0.298489899980388,0.450774661698372,NA
"AACCA",0.250735438321239,NA,0.298489899980388,0.450774661698372,NA
"AACCC",0.250735438321239,NA,0.298489899980388,0.450774661698372,NA
"AACCG",0.250735438321239,NA,0.298489899980388,0.450774661698372,NA
"AACCT",0.250735438321239,NA,0.298489899980388,0.450774661698372,NA
"AACCN",0.250735438321239,NA,0.298489899980388,0.450774661698372,NA
"AACGA",0.250735438321239,NA,0.298489899980388,0.450774661698372,NA
"AACGC",0.250735438321239,NA,0.298489899980388,0.450774661698372,NA
"AACGG",0.250735438321239,NA,0.298489899980388,0.450774661698372,NA
"AACGT",0.250735438321239,NA,0.298489899980388,0.450774661698372,NA
"AACGN",0.250735438321239,NA,0.298489899980388,0.450774661698372,NA
"AACTA",0.250735438321239,NA,0.298489899980388,0.450774661698372,NA
"AACTC",0.250735438321239,NA,0.298489899980388,0.450774661698372,NA
"AACTG",0.250735438321239,NA,0.298489899980388,0.450774661698372,NA
"AACTT",0.250735438321239,NA,0.298489899980388,0.450774661698372,NA
"AACTN",0.250735438321239,NA,0.298489899980388,0.450774661698372,NA
"AACNA",0.250735438321239,NA,0.298489899980388,0.450774661698372,NA
"AACNC",0.250735438321239,NA,0.298489899980388,0.450774661698372,NA
"AACNG",0.250735438321239,NA,0.298489899980388,0.450774661698372,NA
"AACNT",0.250735438321239,NA,0.298489899980388,0.450774661698372,NA
"AACNN",0.250735438321239,NA,0.298489899980388,0.450774661698372,NA
"AAGAA",0.531755270986936,0.31050316905963,NA,0.157741559953434,NA
"AAGAC",0.531755270986936,0.31050316905963,NA,0.157741559953434,NA
"AAGAG",0.531755270986936,0.31050316905963,NA,0.157741559953434,NA
"AAGAT",0.531755270986936,0.31050316905963,NA,0.157741559953434,NA
"AAGAN",0.531755270986936,0.31050316905963,NA,0.157741559953434,NA
"AAGCA",0.531755270986936,0.31050316905963,NA,0.157741559953434,NA
"AAGCC",0.531755270986936,0.31050316905963,NA,0.157741559953434,NA
"AAGCG",0.531755270986936,0.31050316905963,NA,0.157741559953434,NA
"AAGCT",0.531755270986936,0.31050316905963,NA,0.157741559953434,NA
"AAGCN",0.531755270986936,0.31050316905963,NA,0.157741559953434,NA
"AAGGA",0.531755270986936,0.31050316905963,NA,0.157741559953434,NA
"AAGGC",0.531755270986936,0.31050316905963,NA,0.157741559953434,NA
"AAGGG",0.531755270986936,0.31050316905963,NA,0.157741559953434,NA
"AAGGT",0.531755270986936,0.31050316905963,NA,0.157741559953434,NA
"AAGGN",0.531755270986936,0.31050316905963,NA,0.157741559953434,NA
"AAGTA",0.531755270986936,0.31050316905963,NA,0.157741559953434,NA
"AAGTC",0.531755270986936,0.31050316905963,NA,0.157741559953434,NA
"AAGTG",0.531755270986936,0.31050316905963,NA,0.157741559953434,NA
"AAGTT",0.531755270986936,0.31050316905963,NA,0.157741559953434,NA
"AAGTN",0.531755270986936,0.31050316905963,NA,0.157741559953434,NA
"AAGNA",0.531755270986936,0.31050316905963,NA,0.157741559953434,NA
"AAGNC",0.531755270986936,0.31050316905963,NA,0.157741559953434,NA
"AAGNG",0.531755270986936,0.31050316905963,NA,0.157741559953434,NA
"AAGNT",0.531755270986936,0.31050316905963,NA,0.157741559953434,NA
"AAGNN",0.531755270986936,0.31050316905963,NA,0.157741559953434,NA
"AATAA",0.202592704250829,0.567279670384886,0.230127625364285,NA,NA
"AATAC",0.202592704250829,0.567279670384886,0.230127625364285,NA,NA
"AATAG",0.202592704250829,0.567279670384886,0.230127625364285,NA,NA
"AATAT",0.202592704250829,0.567279670384886,0.230127625364285,NA,NA
"AATAN",0.202592704250829,0.567279670384886,0.230127625364285,NA,NA
"AATCA",0.202592704250829,0.567279670384886,0.230127625364285,NA,NA
"AATCC",0.202592704250829,0.567279670384886,0.230127625364285,NA,NA
"AATCG",0.202592704250829,0.567279670384886,0.230127625364285,NA,NA
"AATCT",0.202592704250829,0.567279670384886,0.230127625364285,NA,NA
"AATCN",0.202592704250829,0.567279670384886,0.230127625364285,NA,NA
"AATGA",0.202592704250829,0.567279670384886,0.230127625364285,NA,NA
"AATGC",0.202592704250829,0.567279670384886,0.230127625364285,NA,NA
"AATGG",0.202592704250829,0.567279670384886,0.230127625364285,NA,NA
"AATGT",0.202592704250829,0.567279670384886,0.230127625364285,NA,NA
"AATGN",0.202592704250829,0.567279670384886,0.230127625364285,NA,NA
"AATTA",0.202592704250829,0.567279670384886,0.230127625364285,NA,NA
"AATTC",0.202592704250829,0.567279670384886,0.230127625364285,NA,NA
"AATTG",0.202592704250829,0.567279670384886,0.230127625364285,NA,NA
"AATTT",0.202592704250829,0.567279670384886,0.230127625364285,NA,NA
"AATTN",0.202592704250829,0.567279670384886,0.230127625364285,NA,NA
"AATNA",0.202592704250829,0.567279670384886,0.230127625364285,NA,NA
"AATNC",0.202592704250829,0.567279670384886,0.230127625364285,NA,NA
"AATNG",0.202592704250829,0.567279670384886,0.230127625364285,NA,NA
"AATNT",0.202592704250829,0.567279670384886,0.230127625364285,NA,NA
"AATNN",0.202592704250829,0.567279670384886,0.230127625364285,NA,NA
"AANAA",NA,NA,NA,NA,NA
"AANAC",NA,NA,NA,NA,NA
"AANAG",NA,NA,NA,NA,NA
"AANAT",NA,NA,NA,NA,NA
"AANAN",NA,NA,NA,NA,NA
"AANCA",NA,NA,NA,NA,NA
"AANCC",NA,NA,NA,NA,NA
"AANCG",NA,NA,NA,NA,NA
"AANCT",NA,NA,NA,NA,NA
"AANCN",NA,NA,NA,NA,NA
"AANGA",NA,NA,NA,NA,NA
"AANGC",NA,NA,NA,NA,NA
"AANGG",NA,NA,NA,NA,NA
"AANGT",NA,NA,NA,NA,NA
"AANGN",NA,NA,NA,NA,NA
"AANTA",NA,NA,NA,NA,NA
"AANTC",NA,NA,NA,NA,NA
"AANTG",NA,NA,NA,NA,NA
"AANTT",NA,NA,NA,NA,NA
"AANTN",NA,NA,NA,NA,NA
"AANNA",NA,NA,NA,NA,NA
"AANNC",NA,NA,NA,NA,NA
"AANNG",NA,NA,NA,NA,NA
"AANNT",NA,NA,NA,NA,NA
"AANNN",NA,NA,NA,NA,NA
"ACAAA",NA,0.323936932632585,0.48112756808409,0.194935499283325,NA
"ACAAC",NA,0.04,0.72,0.24,NA
"ACAAG",NA,0.322718631178707,0.482414448669202,0.194866920152091,NA
"ACAAT",NA,0.817241379310345,0.137931034482759,0.0448275862068966,NA
"ACAAN",NA,0.375974235780409,0.455368262809012,0.168657501410578,NA
"ACACA",NA,0.194805194805195,0.519480519480519,0.285714285714286,NA
"ACACC",NA,0.911111111111111,0.0555555555555556,0.0333333333333333,NA
"ACACG",NA,0.301020408163265,0.446428571428571,0.252551020408163,NA
"ACACT",NA,0.252252252252252,0.387387387387387,0.36036036036036,NA
"ACACN",NA,0.414797241582956,0.352213008463008,0.232989749954036,NA
"ACAGA",NA,0.217391304347826,0.502415458937198,0.280193236714976,NA
"ACAGC",NA,0.234177215189873,0.487341772151899,0.278481012658228,NA
"ACAGG",NA,0.261904761904762,0.452380952380952,0.285714285714286,NA
"ACAGT",NA,0.236842105263158,0.447368421052632,0.315789473684211,NA
"ACAGN",NA,0.237578846676405,0.47237665113067,0.290044502192925,NA
"ACATA",NA,0.391304347826087,0.260869565217391,0.347826086956522,NA
"ACATC",NA,0.206524346366035,0.488846246102183,0.304629407531782,NA
"ACATG",NA,0.217391304347826,0.608695652173913,0.173913043478261,NA
"ACATT",NA,0.206474820143885,0.488968824940048,0.304556354916067,NA
"ACATN",NA,0.255423704670958,0.461845072108384,0.282731223220658,NA
"ACANA",NA,0.281859444902923,0.4409732779298,0.277167277167277,NA
"ACANC",NA,0.347953168166755,0.437935893452409,0.214110938380836,NA
"ACANG",NA,0.27575877639864,0.49747990616316,0.2267613174382,NA
"ACANT",NA,0.37820263924241,0.365413916965706,0.256383443791884,NA
"ACANN",NA,0.320943507177682,0.435450748627769,0.243605744194549,NA
"ACCAA",0.315393747526712,NA,0.21210922041947,0.472497032053819,NA
"ACCAC",0.478260869565217,NA,0.130434782608696,0.391304347826087,NA
"ACCAG",0.226666666666667,NA,0.266666666666667,0.506666666666667,NA
"ACCAT",0.339050131926121,NA,0.142480211081794,0.518469656992084,NA
"ACCAN",0.339842853921179,NA,0.187922720194157,0.472234425884664,NA
"ACCCA",0.263374485596708,NA,0.390946502057613,0.345679012345679,NA
"ACCCC",0.227272727272727,NA,0.118181818181818,0.654545454545455,NA
"ACCCG",0.129251700680272,NA,0.408163265306122,0.462585034013605,NA
"ACCCT",0.291304347826087,NA,0.245652173913043,0.46304347826087,NA
"ACCCN",0.227800815343949,NA,0.290735939864649,0.481463244791402,NA
"ACCGA",0.356115107913669,NA,0.201438848920863,0.442446043165468,NA
"ACCGC",0.353790613718412,NA,0.205776173285199,0.44043321299639,NA
"ACCGG",0.355072463768116,NA,0.210144927536232,0.434782608695652,NA
"ACCGT",0.352727272727273,NA,0.203636363636364,0.443636363636364,NA
"ACCGN",0.354426364531867,NA,0.205249078344664,0.440324557123468,NA
"ACCTA",0.174311926605505,NA,0.458715596330275,0.36697247706422,NA
"ACCTC",0.0802919708029197,NA,0.37956204379562,0.54014598540146,NA
"ACCTG",0.193103448275862,NA,0.351724137931034,0.455172413793103,NA
"ACCTT",0.166666666666667,NA,0.5,0.333333333333333,NA
"ACCTN",0.153593503087738,NA,0.422500444514233,0.423906052398029,NA
"ACCNA",0.277298816910648,NA,0.315802541932055,0.406898641157296,NA
"ACCNC",0.284904045339819,NA,0.208488704467833,0.506607250192348,NA
"ACCNG",0.226023569847729,NA,0.309174749360014,0.464801680792257,NA
"ACCNT",0.287437104786537,NA,0.2729421871578,0.439620708055663,NA
"ACCNN",0.268915884221183,NA,0.276602045729426,0.454482070049391,NA
"ACGAA",0.558823529411765,0.397058823529412,NA,0.0441176470588235,NA
"ACGAC",0.558823529411765,0.397058823529412,NA,0.0441176470588235,NA
"ACGAG",0.558823529411765,0.397058823529412,NA,0.0441176470588235,NA
"ACGAT",0.558823529411765,0.397058823529412,NA,0.0441176470588235,NA
"ACGAN",0.558823529411765,0.397058823529412,NA,0.0441176470588235,NA
"ACGCA",0.694300518134715,0.113989637305699,NA,0.191709844559585,NA
"ACGCC",0.663157894736842,0.168421052631579,NA,0.168421052631579,NA
"ACGCG",0.661971830985915,0.169014084507042,NA,0.169014084507042,NA
"ACGCT",0.547945205479452,0.342465753424658,NA,0.10958904109589,NA
"ACGCN",0.641843862334231,0.198472631967245,NA,0.159683505698524,NA
"ACGGA",0.852233676975945,0.0893470790378007,NA,0.0584192439862543,NA
"ACGGC",0.633333333333333,0.1,NA,0.266666666666667,NA
"ACGGG",0.856164383561644,0.0856164383561644,NA,0.0582191780821918,NA
"ACGGT",0.854368932038835,0.087378640776699,NA,0.058252427184466,NA
"ACGGN",0.799025081477439,0.090585539542666,NA,0.110389378979895,NA
"ACGTA",0.757825370675453,0.191103789126853,NA,0.0510708401976936,NA
"ACGTC",0.5,0.318181818181818,NA,0.181818181818182,NA
"ACGTG",0.752981260647359,0.194207836456559,NA,0.0528109028960818,NA
"ACGTT",0.409090909090909,0.488636363636364,NA,0.102272727272727,NA
"ACGTN",0.60497438510343,0.298032451850399,NA,0.0969931630461711,NA
"ACGNA",0.715795773799469,0.197874832249941,NA,0.0863293939505892,NA
"ACGNC",0.588828689370485,0.245915423585702,NA,0.165255887043813,NA
"ACGNG",0.707485251151671,0.211474295712294,NA,0.0810404531360348,NA
"ACGNT",0.59255714400524,0.328884895341783,NA,0.0785579606529768,NA
"ACGNN",0.651166714581716,0.24603736172243,NA,0.102795923695853,NA
"ACTAA",0.250529287226535,0.544812985179958,0.204657727593507,NA,NA
"ACTAC",0.250176180408739,0.545454545454545,0.204369274136716,NA,NA
"ACTAG",0.250696378830084,0.544568245125348,0.204735376044568,NA,NA
"ACTAT",0.333333333333333,0.444444444444444,0.222222222222222,NA,NA
"ACTAN",0.271183794949673,0.519820055051074,0.208996149999253,NA,NA
"ACTCA",0.0966183574879227,0.36231884057971,0.541062801932367,NA,NA
"ACTCC",0.112219451371571,0.581670822942643,0.306109725685786,NA,NA
"ACTCG",0.110972568578554,0.584164588528678,0.304862842892768,NA,NA
"ACTCT",0.144654088050314,0.572327044025157,0.283018867924528,NA,NA
"ACTCN",0.11611611637209,0.525120324019047,0.358763559608862,NA,NA
"ACTGA",0.258064516129032,0.483870967741935,0.258064516129032,NA,NA
"ACTGC",0.250069463739928,0.523200889135871,0.226729647124201,NA,NA
"ACTGG",0.253968253968254,0.552380952380952,0.193650793650794,NA,NA
"ACTGT",0.411764705882353,0.352941176470588,0.235294117647059,NA,NA
"ACTGN",0.293466734929892,0.478098496432337,0.228434768637771,NA,NA
"ACTTA",0.191977077363897,0.610315186246418,0.197707736389685,NA,NA
"ACTTC",0.139463601532567,0.734865900383142,0.125670498084291,NA,NA
"ACTTG",0.106481481481481,0.722222222222222,0.171296296296296,NA,NA
"ACTTT",0.118421052631579,0.828947368421053,0.0526315789473684,NA,NA
"ACTTN",0.139085803252381,0.724087669318209,0.13682652742941,NA,NA
"ACTNA",0.199297309551847,0.500329494937005,0.300373195511148,NA,NA
"ACTNC",0.187982174263201,0.59629803947905,0.215719786257748,NA,NA
"ACTNG",0.180529670714593,0.6008340020643,0.218636327221107,NA,NA
"ACTNT",0.252043294974395,0.549665008340311,0.198291696685294,NA,NA
"ACTNN",0.204963112376009,0.561781636205167,0.233255251418824,NA,NA
"ACNAA",NA,NA,NA,NA,NA
"ACNAC",NA,NA,NA,NA,NA
"ACNAG",NA,NA,NA,NA,NA
"ACNAT",NA,NA,NA,NA,NA
"ACNAN",NA,NA,NA,NA,NA
"ACNCA",NA,NA,NA,NA,NA
"ACNCC",NA,NA,NA,NA,NA
"ACNCG",NA,NA,NA,NA,NA
"ACNCT",NA,NA,NA,NA,NA
"ACNCN",NA,NA,NA,NA,NA
"ACNGA",NA,NA,NA,NA,NA
"ACNGC",NA,NA,NA,NA,NA
"ACNGG",NA,NA,NA,NA,NA
"ACNGT",NA,NA,NA,NA,NA
"ACNGN",NA,NA,NA,NA,NA
"ACNTA",NA,NA,NA,NA,NA
"ACNTC",NA,NA,NA,NA,NA
"ACNTG",NA,NA,NA,NA,NA
"ACNTT",NA,NA,NA,NA,NA
"ACNTN",NA,NA,NA,NA,NA
"ACNNA",NA,NA,NA,NA,NA
"ACNNC",NA,NA,NA,NA,NA
"ACNNG",NA,NA,NA,NA,NA
"ACNNT",NA,NA,NA,NA,NA
"ACNNN",NA,NA,NA,NA,NA
"AGAAA",NA,0.286852589641434,0.633466135458167,0.0796812749003984,NA
"AGAAC",NA,0.286852589641434,0.633466135458167,0.0796812749003984,NA
"AGAAG",NA,0.286852589641434,0.633466135458167,0.0796812749003984,NA
"AGAAT",NA,0.286852589641434,0.633466135458167,0.0796812749003984,NA
"AGAAN",NA,0.286852589641434,0.633466135458167,0.0796812749003984,NA
"AGACA",NA,0.219849246231156,0.665829145728643,0.114321608040201,NA
"AGACC",NA,0.219849246231156,0.665829145728643,0.114321608040201,NA
"AGACG",NA,0.219849246231156,0.665829145728643,0.114321608040201,NA
"AGACT",NA,0.219849246231156,0.665829145728643,0.114321608040201,NA
"AGACN",NA,0.219849246231156,0.665829145728643,0.114321608040201,NA
"AGAGA",NA,0.235449735449735,0.644179894179894,0.12037037037037,NA
"AGAGC",NA,0.235449735449735,0.644179894179894,0.12037037037037,NA
"AGAGG",NA,0.235449735449735,0.644179894179894,0.12037037037037,NA
"AGAGT",NA,0.235449735449735,0.644179894179894,0.12037037037037,NA
"AGAGN",NA,0.235449735449735,0.644179894179894,0.12037037037037,NA
"AGATA",NA,0.345734445157152,0.536882617062219,0.117382937780629,NA
"AGATC",NA,0.345734445157152,0.536882617062219,0.117382937780629,NA
"AGATG",NA,0.345734445157152,0.536882617062219,0.117382937780629,NA
"AGATT",NA,0.345734445157152,0.536882617062219,0.117382937780629,NA
"AGATN",NA,0.345734445157152,0.536882617062219,0.117382937780629,NA
"AGANA",NA,0.271971504119869,0.620089448107231,0.1079390477729,NA
"AGANC",NA,0.271971504119869,0.620089448107231,0.1079390477729,NA
"AGANG",NA,0.271971504119869,0.620089448107231,0.1079390477729,NA
"AGANT",NA,0.271971504119869,0.620089448107231,0.1079390477729,NA
"AGANN",NA,0.271971504119869,0.620089448107231,0.1079390477729,NA
"AGCAA",0.296442687747036,NA,0.290513833992095,0.41304347826087,NA
"AGCAC",0.296442687747036,NA,0.290513833992095,0.41304347826087,NA
"AGCAG",0.296442687747036,NA,0.290513833992095,0.41304347826087,NA
"AGCAT",0.296442687747036,NA,0.290513833992095,0.41304347826087,NA
"AGCAN",0.296442687747036,NA,0.290513833992095,0.41304347826087,NA
"AGCCA",0.200980392156863,NA,0.455882352941176,0.343137254901961,NA
"AGCCC",0.200980392156863,NA,0.455882352941176,0.343137254901961,NA
"AGCCG",0.200980392156863,NA,0.455882352941176,0.343137254901961,NA
"AGCCT",0.200980392156863,NA,0.455882352941176,0.343137254901961,NA
"AGCCN",0.200980392156863,NA,0.455882352941176,0.343137254901961,NA
"AGCGA",0.250735438321239,NA,0.298489899980388,0.450774661698372,NA
"AGCGC",0.250735438321239,NA,0.298489899980388,0.450774661698372,NA
"AGCGG",0.250735438321239,NA,0.298489899980388,0.450774661698372,NA
"AGCGT",0.250735438321239,NA,0.298489899980388,0.450774661698372,NA
"AGCGN",0.250735438321239,NA,0.298489899980388,0.450774661698372,NA
"AGCTA",0.0954151177199504,NA,0.439900867410161,0.464684014869888,NA
"AGCTC",0.0954151177199504,NA,0.439900867410161,0.464684014869888,NA
"AGCTG",0.0954151177199504,NA,0.439900867410161,0.464684014869888,NA
"AGCTT",0.0954151177199504,NA,0.439900867410161,0.464684014869888,NA
"AGCTN",0.0954151177199504,NA,0.439900867410161,0.464684014869888,NA
"AGCNA",0.210893408986272,NA,0.371196738580955,0.417909852432773,NA
"AGCNC",0.210893408986272,NA,0.371196738580955,0.417909852432773,NA
"AGCNG",0.210893408986272,NA,0.371196738580955,0.417909852432773,NA
"AGCNT",0.210893408986272,NA,0.371196738580955,0.417909852432773,NA
"AGCNN",0.210893408986272,NA,0.371196738580955,0.417909852432773,NA
"AGGAA",0.545771144278607,0.329353233830846,NA,0.124875621890547,NA
"AGGAC",0.545771144278607,0.329353233830846,NA,0.124875621890547,NA
"AGGAG",0.545771144278607,0.329353233830846,NA,0.124875621890547,NA
"AGGAT",0.545771144278607,0.329353233830846,NA,0.124875621890547,NA
"AGGAN",0.545771144278607,0.329353233830846,NA,0.124875621890547,NA
"AGGCA",0.592805005213764,0.290928050052138,NA,0.116266944734098,NA
"AGGCC",0.592805005213764,0.290928050052138,NA,0.116266944734098,NA
"AGGCG",0.592805005213764,0.290928050052138,NA,0.116266944734098,NA
"AGGCT",0.592805005213764,0.290928050052138,NA,0.116266944734098,NA
"AGGCN",0.592805005213764,0.290928050052138,NA,0.116266944734098,NA
"AGGGA",0.614909090909091,0.237818181818182,NA,0.147272727272727,NA
"AGGGC",0.614909090909091,0.237818181818182,NA,0.147272727272727,NA
"AGGGG",0.614909090909091,0.237818181818182,NA,0.147272727272727,NA
"AGGGT",0.614909090909091,0.237818181818182,NA,0.147272727272727,NA
"AGGGN",0.614909090909091,0.237818181818182,NA,0.147272727272727,NA
"AGGTA",0.446808510638298,0.423292273236282,NA,0.12989921612542,NA
"AGGTC",0.446808510638298,0.423292273236282,NA,0.12989921612542,NA
"AGGTG",0.446808510638298,0.423292273236282,NA,0.12989921612542,NA
"AGGTT",0.446808510638298,0.423292273236282,NA,0.12989921612542,NA
"AGGTN",0.446808510638298,0.423292273236282,NA,0.12989921612542,NA
"AGGNA",0.55007343775994,0.320347934734362,NA,0.129578627505698,NA
"AGGNC",0.55007343775994,0.320347934734362,NA,0.129578627505698,NA
"AGGNG",0.55007343775994,0.320347934734362,NA,0.129578627505698,NA
"AGGNT",0.55007343775994,0.320347934734362,NA,0.129578627505698,NA
"AGGNN",0.55007343775994,0.320347934734362,NA,0.129578627505698,NA
"AGTAA",0.508021390374332,0.27807486631016,0.213903743315508,NA,NA
"AGTAC",0.508021390374332,0.27807486631016,0.213903743315508,NA,NA
"AGTAG",0.508021390374332,0.27807486631016,0.213903743315508,NA,NA
"AGTAT",0.508021390374332,0.27807486631016,0.213903743315508,NA,NA
"AGTAN",0.508021390374332,0.27807486631016,0.213903743315508,NA,NA
"AGTCA",0.202592704250829,0.567279670384886,0.230127625364285,NA,NA
"AGTCC",0.202592704250829,0.567279670384886,0.230127625364285,NA,NA
"AGTCG",0.202592704250829,0.567279670384886,0.230127625364285,NA,NA
"AGTCT",0.202592704250829,0.567279670384886,0.230127625364285,NA,NA
"AGTCN",0.202592704250829,0.567279670384886,0.230127625364285,NA,NA
"AGTGA",0.33457249070632,0.453531598513011,0.211895910780669,NA,NA
"AGTGC",0.33457249070632,0.453531598513011,0.211895910780669,NA,NA
"AGTGG",0.33457249070632,0.453531598513011,0.211895910780669,NA,NA
"AGTGT",0.33457249070632,0.453531598513011,0.211895910780669,NA,NA
"AGTGN",0.33457249070632,0.453531598513011,0.211895910780669,NA,NA
"AGTTA",0.176724137931034,0.556034482758621,0.267241379310345,NA,NA
"AGTTC",0.176724137931034,0.556034482758621,0.267241379310345,NA,NA
"AGTTG",0.176724137931034,0.556034482758621,0.267241379310345,NA,NA
"AGTTT",0.176724137931034,0.556034482758621,0.267241379310345,NA,NA
"AGTTN",0.176724137931034,0.556034482758621,0.267241379310345,NA,NA
"AGTNA",0.305477680815629,0.46373015449167,0.230792164692702,NA,NA
"AGTNC",0.305477680815629,0.46373015449167,0.230792164692702,NA,NA
"AGTNG",0.305477680815629,0.46373015449167,0.230792164692702,NA,NA
"AGTNT",0.305477680815629,0.46373015449167,0.230792164692702,NA,NA
"AGTNN",0.305477680815629,0.46373015449167,0.230792164692702,NA,NA
"AGNAA",NA,NA,NA,NA,NA
"AGNAC",NA,NA,NA,NA,NA
"AGNAG",NA,NA,NA,NA,NA
"AGNAT",NA,NA,NA,NA,NA
"AGNAN",NA,NA,NA,NA,NA
"AGNCA",NA,NA,NA,NA,NA
"AGNCC",NA,NA,NA,NA,NA
"AGNCG",NA,NA,NA,NA,NA
"AGNCT",NA,NA,NA,NA,NA
"AGNCN",NA,NA,NA,NA,NA
"AGNGA",NA,NA,NA,NA,NA
"AGNGC",NA,NA,NA,NA,NA
"AGNGG",NA,NA,NA,NA,NA
"AGNGT",NA,NA,NA,NA,NA
"AGNGN",NA,NA,NA,NA,NA
"AGNTA",NA,NA,NA,NA,NA
"AGNTC",NA,NA,NA,NA,NA
"AGNTG",NA,NA,NA,NA,NA
"AGNTT",NA,NA,NA,NA,NA
"AGNTN",NA,NA,NA,NA,NA
"AGNNA",NA,NA,NA,NA,NA
"AGNNC",NA,NA,NA,NA,NA
"AGNNG",NA,NA,NA,NA,NA
"AGNNT",NA,NA,NA,NA,NA
"AGNNN",NA,NA,NA,NA,NA
"ATAAA",NA,0.287931034482759,0.431034482758621,0.281034482758621,NA
"ATAAC",NA,0.287931034482759,0.431034482758621,0.281034482758621,NA
"ATAAG",NA,0.287931034482759,0.431034482758621,0.281034482758621,NA
"ATAAT",NA,0.287931034482759,0.431034482758621,0.281034482758621,NA
"ATAAN",NA,0.287931034482759,0.431034482758621,0.281034482758621,NA
"ATACA",NA,0.334080717488789,0.291479820627803,0.374439461883408,NA
"ATACC",NA,0.334080717488789,0.291479820627803,0.374439461883408,NA
"ATACG",NA,0.334080717488789,0.291479820627803,0.374439461883408,NA
"ATACT",NA,0.334080717488789,0.291479820627803,0.374439461883408,NA
"ATACN",NA,0.334080717488789,0.291479820627803,0.374439461883408,NA
"ATAGA",NA,0.211621856027754,0.512142237640937,0.27623590633131,NA
"ATAGC",NA,0.211621856027754,0.512142237640937,0.27623590633131,NA
"ATAGG",NA,0.211621856027754,0.512142237640937,0.27623590633131,NA
"ATAGT",NA,0.211621856027754,0.512142237640937,0.27623590633131,NA
"ATAGN",NA,0.211621856027754,0.512142237640937,0.27623590633131,NA
"ATATA",NA,0.269896193771626,0.391003460207612,0.339100346020761,NA
"ATATC",NA,0.269896193771626,0.391003460207612,0.339100346020761,NA
"ATATG",NA,0.269896193771626,0.391003460207612,0.339100346020761,NA
"ATATT",NA,0.269896193771626,0.391003460207612,0.339100346020761,NA
"ATATN",NA,0.269896193771626,0.391003460207612,0.339100346020761,NA
"ATANA",NA,0.275882450442732,0.406415000308743,0.317702549248525,NA
"ATANC",NA,0.275882450442732,0.406415000308743,0.317702549248525,NA
"ATANG",NA,0.275882450442732,0.406415000308743,0.317702549248525,NA
"ATANT",NA,0.275882450442732,0.406415000308743,0.317702549248525,NA
"ATANN",NA,0.275882450442732,0.406415000308743,0.317702549248525,NA
"ATCAA",0.331932773109244,NA,0.225490196078431,0.442577030812325,NA
"ATCAC",0.331932773109244,NA,0.225490196078431,0.442577030812325,NA
"ATCAG",0.331932773109244,NA,0.225490196078431,0.442577030812325,NA
"ATCAT",0.331932773109244,NA,0.225490196078431,0.442577030812325,NA
"ATCAN",0.331932773109244,NA,0.225490196078431,0.442577030812325,NA
"ATCCA",0.174358974358974,NA,0.365384615384615,0.46025641025641,NA
"ATCCC",0.174358974358974,NA,0.365384615384615,0.46025641025641,NA
"ATCCG",0.174358974358974,NA,0.365384615384615,0.46025641025641,NA
"ATCCT",0.174358974358974,NA,0.365384615384615,0.46025641025641,NA
"ATCCN",0.174358974358974,NA,0.365384615384615,0.46025641025641,NA
"ATCGA",0.250735438321239,NA,0.298489899980388,0.450774661698372,NA
"ATCGC",0.250735438321239,NA,0.298489899980388,0.450774661698372,NA
"ATCGG",0.250735438321239,NA,0.298489899980388,0.450774661698372,NA
"ATCGT",0.250735438321239,NA,0.298489899980388,0.450774661698372,NA
"ATCGN",0.250735438321239,NA,0.298489899980388,0.450774661698372,NA
"ATCTA",0.148409893992933,NA,0.477031802120141,0.374558303886926,NA
"ATCTC",0.148409893992933,NA,0.477031802120141,0.374558303886926,NA
"ATCTG",0.148409893992933,NA,0.477031802120141,0.374558303886926,NA
"ATCTT",0.148409893992933,NA,0.477031802120141,0.374558303886926,NA
"ATCTN",0.148409893992933,NA,0.477031802120141,0.374558303886926,NA
"ATCNA",0.226359269945598,NA,0.341599128390894,0.432041601663508,NA
"ATCNC",0.226359269945598,NA,0.341599128390894,0.432041601663508,NA
"ATCNG",0.226359269945598,NA,0.341599128390894,0.432041601663508,NA
"ATCNT",0.226359269945598,NA,0.341599128390894,0.432041601663508,NA
"ATCNN",0.226359269945598,NA,0.341599128390894,0.432041601663508,NA
"ATGAA",0.382808022922636,0.46647564469914,NA,0.150716332378223,NA
"ATGAC",0.382808022922636,0.46647564469914,NA,0.150716332378223,NA
"ATGAG",0.382808022922636,0.46647564469914,NA,0.150716332378223,NA
"ATGAT",0.382808022922636,0.46647564469914,NA,0.150716332378223,NA
"ATGAN",0.382808022922636,0.46647564469914,NA,0.150716332378223,NA
"ATGCA",0.493792675356921,0.296399751707014,NA,0.209807572936065,NA
"ATGCC",0.493792675356921,0.296399751707014,NA,0.209807572936065,NA
"ATGCG",0.493792675356921,0.296399751707014,NA,0.209807572936065,NA
"ATGCT",0.493792675356921,0.296399751707014,NA,0.209807572936065,NA
"ATGCN",0.493792675356921,0.296399751707014,NA,0.209807572936065,NA
"ATGGA",0.462962962962963,0.274074074074074,NA,0.262962962962963,NA
"ATGGC",0.462962962962963,0.274074074074074,NA,0.262962962962963,NA
"ATGGG",0.462962962962963,0.274074074074074,NA,0.262962962962963,NA
"ATGGT",0.462962962962963,0.274074074074074,NA,0.262962962962963,NA
"ATGGN",0.462962962962963,0.274074074074074,NA,0.262962962962963,NA
"ATGTA",0.419649122807018,0.345263157894737,NA,0.235087719298246,NA
"ATGTC",0.419649122807018,0.345263157894737,NA,0.235087719298246,NA
"ATGTG",0.419649122807018,0.345263157894737,NA,0.235087719298246,NA
"ATGTT",0.419649122807018,0.345263157894737,NA,0.235087719298246,NA
"ATGTN",0.419649122807018,0.345263157894737,NA,0.235087719298246,NA
"ATGNA",0.439803196012384,0.345553157093741,NA,0.214643646893874,NA
"ATGNC",0.439803196012384,0.345553157093741,NA,0.214643646893874,NA
"ATGNG",0.439803196012384,0.345553157093741,NA,0.214643646893874,NA
"ATGNT",0.439803196012384,0.345553157093741,NA,0.214643646893874,NA
"ATGNN",0.439803196012384,0.345553157093741,NA,0.214643646893874,NA
"ATTAA",0.13715710723192,0.536159600997506,0.326683291770574,NA,NA
"ATTAC",0.13715710723192,0.536159600997506,0.326683291770574,NA,NA
"ATTAG",0.13715710723192,0.536159600997506,0.326683291770574,NA,NA
"ATTAT",0.13715710723192,0.536159600997506,0.326683291770574,NA,NA
"ATTAN",0.13715710723192,0.536159600997506,0.326683291770574,NA,NA
"ATTCA",0.0731707317073171,0.658536585365854,0.268292682926829,NA,NA
"ATTCC",0.0731707317073171,0.658536585365854,0.268292682926829,NA,NA
"ATTCG",0.0731707317073171,0.658536585365854,0.268292682926829,NA,NA
"ATTCT",0.0731707317073171,0.658536585365854,0.268292682926829,NA,NA
"ATTCN",0.0731707317073171,0.658536585365854,0.268292682926829,NA,NA
"ATTGA",0.202380952380952,0.579365079365079,0.218253968253968,NA,NA
"ATTGC",0.202380952380952,0.579365079365079,0.218253968253968,NA,NA
"ATTGG",0.202380952380952,0.579365079365079,0.218253968253968,NA,NA
"ATTGT",0.202380952380952,0.579365079365079,0.218253968253968,NA,NA
"ATTGN",0.202380952380952,0.579365079365079,0.218253968253968,NA,NA
"ATTTA",0.103286384976526,0.629107981220657,0.267605633802817,NA,NA
"ATTTC",0.103286384976526,0.629107981220657,0.267605633802817,NA,NA
"ATTTG",0.103286384976526,0.629107981220657,0.267605633802817,NA,NA
"ATTTT",0.103286384976526,0.629107981220657,0.267605633802817,NA,NA
"ATTTN",0.103286384976526,0.629107981220657,0.267605633802817,NA,NA
"ATTNA",0.128998794074179,0.600792311737274,0.270208894188547,NA,NA
"ATTNC",0.128998794074179,0.600792311737274,0.270208894188547,NA,NA
"ATTNG",0.128998794074179,0.600792311737274,0.270208894188547,NA,NA
"ATTNT",0.128998794074179,0.600792311737274,0.270208894188547,NA,NA
"ATTNN",0.128998794074179,0.600792311737274,0.270208894188547,NA,NA
"ATNAA",NA,NA,NA,NA,NA
"ATNAC",NA,NA,NA,NA,NA
"ATNAG",NA,NA,NA,NA,NA
"ATNAT",NA,NA,NA,NA,NA
"ATNAN",NA,NA,NA,NA,NA
"ATNCA",NA,NA,NA,NA,NA
"ATNCC",NA,NA,NA,NA,NA
"ATNCG",NA,NA,NA,NA,NA
"ATNCT",NA,NA,NA,NA,NA
"ATNCN",NA,NA,NA,NA,NA
"ATNGA",NA,NA,NA,NA,NA
"ATNGC",NA,NA,NA,NA,NA
"ATNGG",NA,NA,NA,NA,NA
"ATNGT",NA,NA,NA,NA,NA
"ATNGN",NA,NA,NA,NA,NA
"ATNTA",NA,NA,NA,NA,NA
"ATNTC",NA,NA,NA,NA,NA
"ATNTG",NA,NA,NA,NA,NA
"ATNTT",NA,NA,NA,NA,NA
"ATNTN",NA,NA,NA,NA,NA
"ATNNA",NA,NA,NA,NA,NA
"ATNNC",NA,NA,NA,NA,NA
"ATNNG",NA,NA,NA,NA,NA
"ATNNT",NA,NA,NA,NA,NA
"ATNNN",NA,NA,NA,NA,NA
"ANAAA",NA,0.290064940270693,0.512119194122535,0.197815865606772,NA
"ANAAC",NA,0.219080707112547,0.571837302101513,0.209081990785941,NA
"ANAAG",NA,0.289760364907224,0.512440914268813,0.197798720823963,NA
"ANAAT",NA,0.413391051940133,0.426320060722202,0.160288887337665,NA
"ANAAN",NA,0.303074266057649,0.505679367803766,0.191246366138585,NA
"ANACA",NA,0.252568590712784,0.494909519006557,0.252521890280659,NA
"ANACC",NA,0.431645069789263,0.378928278025316,0.189426652185421,NA
"ANACG",NA,0.279122394052301,0.47664653199357,0.244231073954129,NA
"ANACT",NA,0.266930355074548,0.461886235983274,0.271183408942178,NA
"ANACN",NA,0.307566602407224,0.453092641252179,0.239340756340597,NA
"ANAGA",NA,0.231500525037827,0.540396545236823,0.22810292972535,NA
"ANAGC",NA,0.235697002748339,0.536628123540498,0.227674873711163,NA
"ANAGG",NA,0.242628889427061,0.527887918597761,0.229483191975177,NA
"ANAGT",NA,0.23636322526666,0.526634785765681,0.237001988967658,NA
"ANAGN",NA,0.236547410619972,0.532886843285191,0.230565746094837,NA
"ANATA",NA,0.317118547770215,0.422901058169121,0.259980394060664,NA
"ANATC",NA,0.270923547405202,0.479895228390319,0.249181224204479,NA
"ANATG",NA,0.27364028690065,0.509857579908252,0.216502133191098,NA
"ANATT",NA,0.270911165849664,0.479925873099786,0.24916296105055,NA
"ANATN",NA,0.283148386981433,0.473144934891869,0.243706678126698,NA
"ANANA",NA,0.27281315094788,0.492581579133759,0.234605269918361,NA
"ANANC",NA,0.289336581763838,0.491822233014411,0.218841185221751,NA
"ANANG",NA,0.271287983821809,0.506708236192099,0.222003779986092,NA
"ANANT",NA,0.296898949532751,0.473691738892736,0.229409311574513,NA
"ANANN",NA,0.282584166516569,0.491200946808251,0.226214886675179,NA
"ANCAA",0.298626161676058,NA,0.256650787617596,0.444723050706346,NA
"ANCAC",0.339342942185684,NA,0.236232178164903,0.424424879649413,NA
"ANCAG",0.276444391461046,NA,0.270290149179395,0.453265459359558,NA
"ANCAT",0.30454025777591,NA,0.239243535283177,0.456216206940913,NA
"ANCAN",0.304738438274675,NA,0.250604162561268,0.444657399164058,NA
"ANCCA",0.222362322608446,NA,0.377675842590948,0.399961834800606,NA
"ANCCC",0.213336883027451,NA,0.309484671622,0.477178445350549,NA
"ANCCG",0.188831626379337,NA,0.381980033403076,0.429188340217587,NA
"ANCCT",0.229344788165791,NA,0.341352260554806,0.429302951279403,NA
"ANCCN",0.213468905045256,NA,0.352623202042707,0.433907892912036,NA
"ANCGA",0.277080355719347,NA,0.274227137215507,0.448692507065146,NA
"ANCGC",0.276499232170532,NA,0.275311468306591,0.448189299522877,NA
"ANCGG",0.276819694682959,NA,0.276403656869349,0.446776648447692,NA
"ANCGT",0.276233396922748,NA,0.274776515894382,0.44899008718287,NA
"ANCGN",0.276658169873896,NA,0.275179694571457,0.448162135554646,NA
"ANCTA",0.167218094159907,NA,0.418534541460241,0.414247364379852,NA
"ANCTC",0.143713105209261,NA,0.398746153326578,0.457540741464162,NA
"ANCTG",0.171915974577496,NA,0.391786676860431,0.436297348562072,NA
"ANCTT",0.165306779175197,NA,0.428855642377673,0.40583757844713,NA
"ANCTN",0.162038488280465,NA,0.409480753506231,0.428480758213304,NA
"ANCNA",0.241321733540939,NA,0.331772077221073,0.426906189237987,NA
"ANCNC",0.243223040648232,NA,0.304943617855018,0.45183334149675,NA
"ANCNG",0.22850292177521,NA,0.330115129078063,0.441381949146728,NA
"ANCNT",0.243856305509911,NA,0.321056988527509,0.435086705962579,NA
"ANCNN",0.239226000368573,NA,0.321971953170416,0.438802046461011,NA
"ANGAA",0.504789491899986,0.375847717779757,NA,0.119362790320257,NA
"ANGAC",0.504789491899986,0.375847717779757,NA,0.119362790320257,NA
"ANGAG",0.504789491899986,0.375847717779757,NA,0.119362790320257,NA
"ANGAT",0.504789491899986,0.375847717779757,NA,0.119362790320257,NA
"ANGAN",0.504789491899986,0.375847717779757,NA,0.119362790320257,NA
"ANGCA",0.578163367423084,0.25295515203112,NA,0.168881480545796,NA
"ANGCC",0.570377711573616,0.26656300586259,NA,0.163059282563794,NA
"ANGCG",0.570081195635884,0.266711263831456,NA,0.16320754053266,NA
"ANGCT",0.541574539259268,0.31007418106086,NA,0.148351279679872,NA
"ANGCN",0.565049203472963,0.274075900696507,NA,0.16087489583053,NA
"ANGGA",0.615465250458734,0.227935625997422,NA,0.156599123543845,NA
"ANGGC",0.560740164548081,0.230598856237971,NA,0.208660979213948,NA
"ANGGG",0.616447927105158,0.227002965827013,NA,0.156549107067829,NA
"ANGGT",0.615999064224456,0.227443516432146,NA,0.156557419343398,NA
"ANGGN",0.602163101584107,0.228245241123638,NA,0.169591657292255,NA
"ANGTA",0.539009568776926,0.317540597329376,NA,0.143449833893698,NA
"ANGTC",0.474553226108063,0.349310104593117,NA,0.17613666929882,NA
"ANGTG",0.537798541269903,0.318316609161802,NA,0.143884849568295,NA
"ANGTT",0.45182595338079,0.391923740956753,NA,0.156250305662457,NA
"ANGTN",0.50079682238392,0.344272763010262,NA,0.154930414605818,NA
"ANGNA",0.559356919639682,0.293569773284419,NA,0.147073307075899,NA
"ANGNC",0.527615148532436,0.305579921118359,NA,0.166804930349205,NA
"ANGNG",0.557279288977733,0.296969639150007,NA,0.14575107187226,NA
"ANGNT",0.528547262191125,0.326322289057379,NA,0.145130448751496,NA
"ANGNN",0.543199654835244,0.305610405652541,NA,0.151189939512215,NA
"ANTAA",0.274575122270904,0.481581780718128,0.243843097010969,NA,NA
"ANTAC",0.274486845566455,0.481742170786775,0.243770983646771,NA,NA
"ANTAG",0.274616895171791,0.481520595704475,0.243862509123734,NA,NA
"ANTAT",0.295276133797604,0.456489645534249,0.248234220668147,NA,NA
"ANTAN",0.279738749201688,0.475333548185907,0.244927702612405,NA,NA
"ANTCA",0.143743624424224,0.538853691678834,0.317402683896942,NA,NA
"ANTCC",0.147643897895137,0.593691687269567,0.258664414835296,NA,NA
"ANTCG",0.147332177196882,0.594315128666076,0.258352694137042,NA,NA
"ANTCT",0.155752557064822,0.591355742540196,0.252891700394982,NA,NA
"ANTCN",0.148618064145266,0.579554062538668,0.271827873316065,NA,NA
"ANTGA",0.249402665866783,0.521011829001228,0.229585505131989,NA,NA
"ANTGC",0.247403902769507,0.530844309349712,0.221751787880781,NA,NA
"ANTGG",0.248378600326589,0.538139325160982,0.213482074512429,NA,NA
"ANTGT",0.287827713305114,0.488279381183391,0.223892905511495,NA,NA
"ANTGN",0.258253220566998,0.519568711173828,0.222178068259173,NA,NA
"ANTTA",0.168645076130572,0.590684330152646,0.240670593716783,NA,NA
"ANTTC",0.155516707172739,0.621822008686826,0.222661284140434,NA,NA
"ANTTG",0.147271177159968,0.618661089146596,0.234067733693436,NA,NA
"ANTTT",0.150256069947492,0.645342375696304,0.204401554356204,NA,NA
"ANTTN",0.155422257602693,0.619127450920593,0.225450291476714,NA,NA
"ANTNA",0.209091622173121,0.533032907887709,0.25787546993917,NA,NA
"ANTNC",0.206262838350959,0.55702504402322,0.236712117625821,NA,NA
"ANTNG",0.204399712463807,0.558159034669532,0.23744125286666,NA,NA
"ANTNT",0.222278118528758,0.545366786238535,0.232355095232707,NA,NA
"ANTNN",0.210508072879161,0.548395943204749,0.24109598391609,NA,NA
"ANNAA",NA,NA,NA,NA,NA
"ANNAC",NA,NA,NA,NA,NA
"ANNAG",NA,NA,NA,NA,NA
"ANNAT",NA,NA,NA,NA,NA
"ANNAN",NA,NA,NA,NA,NA
"ANNCA",NA,NA,NA,NA,NA
"ANNCC",NA,NA,NA,NA,NA
"ANNCG",NA,NA,NA,NA,NA
"ANNCT",NA,NA,NA,NA,NA
"ANNCN",NA,NA,NA,NA,NA
"ANNGA",NA,NA,NA,NA,NA
"ANNGC",NA,NA,NA,NA,NA
"ANNGG",NA,NA,NA,NA,NA
"ANNGT",NA,NA,NA,NA,NA
"ANNGN",NA,NA,NA,NA,NA
"ANNTA",NA,NA,NA,NA,NA
"ANNTC",NA,NA,NA,NA,NA
"ANNTG",NA,NA,NA,NA,NA
"ANNTT",NA,NA,NA,NA,NA
"ANNTN",NA,NA,NA,NA,NA
"ANNNA",NA,NA,NA,NA,NA
"ANNNC",NA,NA,NA,NA,NA
"ANNNG",NA,NA,NA,NA,NA
"ANNNT",NA,NA,NA,NA,NA
"ANNNN",NA,NA,NA,NA,NA
"CAAAA",NA,0.261539204325995,0.502848590189262,0.235612205484743,NA
"CAAAC",NA,0.261539204325995,0.502848590189262,0.235612205484743,NA
"CAAAG",NA,0.261539204325995,0.502848590189262,0.235612205484743,NA
"CAAAT",NA,0.261539204325995,0.502848590189262,0.235612205484743,NA
"CAAAN",NA,0.261539204325995,0.502848590189262,0.235612205484743,NA
"CAACA",NA,0.261539204325995,0.502848590189262,0.235612205484743,NA
"CAACC",NA,0.261539204325995,0.502848590189262,0.235612205484743,NA
"CAACG",NA,0.261539204325995,0.502848590189262,0.235612205484743,NA
"CAACT",NA,0.261539204325995,0.502848590189262,0.235612205484743,NA
"CAACN",NA,0.261539204325995,0.502848590189262,0.235612205484743,NA
"CAAGA",NA,0.261539204325995,0.502848590189262,0.235612205484743,NA
"CAAGC",NA,0.261539204325995,0.502848590189262,0.235612205484743,NA
"CAAGG",NA,0.261539204325995,0.502848590189262,0.235612205484743,NA
"CAAGT",NA,0.261539204325995,0.502848590189262,0.235612205484743,NA
"CAAGN",NA,0.261539204325995,0.502848590189262,0.235612205484743,NA
"CAATA",NA,0.261539204325995,0.502848590189262,0.235612205484743,NA
"CAATC",NA,0.261539204325995,0.502848590189262,0.235612205484743,NA
"CAATG",NA,0.261539204325995,0.502848590189262,0.235612205484743,NA
"CAATT",NA,0.261539204325995,0.502848590189262,0.235612205484743,NA
"CAATN",NA,0.261539204325995,0.502848590189262,0.235612205484743,NA
"CAANA",NA,0.261539204325995,0.502848590189262,0.235612205484743,NA
"CAANC",NA,0.261539204325995,0.502848590189262,0.235612205484743,NA
"CAANG",NA,0.261539204325995,0.502848590189262,0.235612205484743,NA
"CAANT",NA,0.261539204325995,0.502848590189262,0.235612205484743,NA
"CAANN",NA,0.261539204325995,0.502848590189262,0.235612205484743,NA
"CACAA",0.250735438321239,NA,0.298489899980388,0.450774661698372,NA
"CACAC",0.250735438321239,NA,0.298489899980388,0.450774661698372,NA
"CACAG",0.250735438321239,NA,0.298489899980388,0.450774661698372,NA
"CACAT",0.250735438321239,NA,0.298489899980388,0.450774661698372,NA
"CACAN",0.250735438321239,NA,0.298489899980388,0.450774661698372,NA
"CACCA",0.250735438321239,NA,0.298489899980388,0.450774661698372,NA
"CACCC",0.250735438321239,NA,0.298489899980388,0.450774661698372,NA
"CACCG",0.250735438321239,NA,0.298489899980388,0.450774661698372,NA
"CACCT",0.250735438321239,NA,0.298489899980388,0.450774661698372,NA
"CACCN",0.250735438321239,NA,0.298489899980388,0.450774661698372,NA
"CACGA",0.250735438321239,NA,0.298489899980388,0.450774661698372,NA
"CACGC",0.250735438321239,NA,0.298489899980388,0.450774661698372,NA
"CACGG",0.250735438321239,NA,0.298489899980388,0.450774661698372,NA
"CACGT",0.250735438321239,NA,0.298489899980388,0.450774661698372,NA
"CACGN",0.250735438321239,NA,0.298489899980388,0.450774661698372,NA
"CACTA",0.250735438321239,NA,0.298489899980388,0.450774661698372,NA
"CACTC",0.250735438321239,NA,0.298489899980388,0.450774661698372,NA
"CACTG",0.250735438321239,NA,0.298489899980388,0.450774661698372,NA
"CACTT",0.250735438321239,NA,0.298489899980388,0.450774661698372,NA
"CACTN",0.250735438321239,NA,0.298489899980388,0.450774661698372,NA
"CACNA",0.250735438321239,NA,0.298489899980388,0.450774661698372,NA
"CACNC",0.250735438321239,NA,0.298489899980388,0.450774661698372,NA
"CACNG",0.250735438321239,NA,0.298489899980388,0.450774661698372,NA
